"date" "actual" "fore_model_1" "fore_model_2" "error1" "error2"
"1" 2016-05-01 0.00656911432267648 0.00286279900521387 0.000182872883937985 0.00370631531746261 0.0063862414387385
"2" 2016-05-02 0 0.00248409813282554 0.000119994632815787 -0.00248409813282554 -0.000119994632815787
"3" 2016-05-03 0.0276555648746228 0.00243123362801227 0.000129544778606454 0.0252243312466106 0.0275260200960164
"4" 2016-05-04 -0.0213380385842239 0.00126012300391653 0.000130716382101429 -0.0225981615881404 -0.0214687549663253
"5" 2016-05-05 0.00882796452986057 0.00236570240527331 0.000107311931213807 0.00646226212458725 0.00872065259864676
"6" 2016-05-06 0.0119205006252656 0.00158466978672053 6.7900663334033e-05 0.0103358308385451 0.0118525999619316
"7" 2016-05-07 0.021264009716333 0.00114482140961524 -3.92743692838366e-05 0.0201191883067178 0.0213032840856169
"8" 2016-05-08 0.0106150792743964 0.000323864394132765 1.06369297659141e-06 0.0102912148802637 0.0106140155814198
"9" 2016-05-09 0 9.45325035029449e-05 -9.00732736285587e-05 -9.45325035029449e-05 9.00732736285587e-05
"10" 2016-05-10 -0.0024108403976193 0.000191210136679693 -6.10828414860601e-05 -0.00260205053429899 -0.00234975755613324
"11" 2016-05-11 -0.00535300729796973 0.000301029745822897 -6.29454099601838e-05 -0.00565403704379262 -0.00529006188800954
"12" 2016-05-12 -0.00208297657714063 0.000527850412041952 -1.37160782136516e-05 -0.00261082698918258 -0.00206926049892698
"13" 2016-05-13 -0.00225806227434155 0.00058750940774538 1.37068488486149e-05 -0.00284557168208693 -0.00227176912319017
"14" 2016-05-14 0 0.000680500138072501 9.23691995997729e-06 -0.000680500138072501 -9.23691995997729e-06
"15" 2016-05-15 -0.0296408519290363 0.000667406307335902 -4.33282502517971e-05 -0.0303082582363722 -0.0295975236787845
"16" 2016-05-16 0.00478702142556209 0.00194670766429806 -6.69312416594695e-05 0.00284031376126403 0.00485395266722156
"17" 2016-05-17 -0.011767960892124 0.00147214326944245 -0.000102249376270273 -0.0132401041615664 -0.0116657115158537
"18" 2016-05-18 -0.0220786413690188 0.00200708679745867 -0.000116981711365869 -0.0240857281664775 -0.021961659657653
"19" 2016-05-19 0.00154882639246168 0.0027450800086796 -1.20516176039717e-05 -0.00119625361621792 0.00156087801006565
"20" 2016-05-20 0.00528594716487518 0.00243102236466342 -8.7690788500254e-05 0.00285492480021176 0.00537363795337544
"21" 2016-05-21 0.000157062205808245 0.00214305208374329 -5.91418988893732e-05 -0.00198598987793504 0.000216204104697618
"22" 2016-05-22 -0.00154064283436206 0.00208028764541355 -4.9097681592045e-05 -0.00362093047977561 -0.00149154515277002
"23" 2016-05-23 -0.0158064882365068 0.00205783746538384 4.63032460283001e-05 -0.0178643257018906 -0.0158527914825351
"24" 2016-05-24 -0.015002910863041 0.00258806953482564 3.1640803031543e-05 -0.0175909803978666 -0.0150345516660725
"25" 2016-05-25 -0.000275539679456926 0.00292172451722416 8.86399174196359e-05 -0.00319726419668108 -0.000364179596876562
"26" 2016-05-26 0.0183370701951002 0.00271401743503527 -4.92281934649473e-05 0.015623052760065 0.0183862983885652
"27" 2016-05-27 -0.0298687606845718 0.00194088042098483 -7.02209012001509e-05 -0.0318096411055566 -0.0297985397833716
"28" 2016-05-28 -0.00161434589847254 0.00314722109175376 2.94241046762792e-05 -0.0047615669902263 -0.00164377000314881
"29" 2016-05-29 0.0333515612453361 0.00272787195706238 1.39560705770847e-05 0.0306236892882737 0.033337605174759
"30" 2016-05-30 -0.0126337840386981 0.00134244429960204 -6.7238803004822e-05 -0.0139762283383001 -0.0125665452356933
"31" 2016-05-31 0.00499700413481108 0.00208203797249786 4.36985962285338e-05 0.00291496616231322 0.00495330553858254
"32" 2016-06-01 0.00731940278211063 0.00160820627886735 4.07986364091315e-05 0.00571119650324328 0.0072786041457015
"33" 2016-06-02 0.0186286170326202 0.00130254390021116 4.50339628914454e-05 0.017326073132409 0.0185835830697288
"34" 2016-06-03 0.00727057446432511 0.000565368551308036 5.90545652414337e-05 0.00670520591301707 0.00721151989908367
"35" 2016-06-04 -0.0041888973765829 0.000456953192405651 -8.62428839959178e-05 -0.00464585056898855 -0.00410265449258698
"36" 2016-06-05 -0.0209387981785429 0.000680433142383228 6.34132671655435e-05 -0.0216192313209262 -0.0210022114457085
"37" 2016-06-06 0.0110013291988231 0.0014562488826196 8.33531700867989e-05 0.00954508031620353 0.0109179760287363
"38" 2016-06-07 0.0192600442300996 0.000782616981579276 9.74395398593615e-05 0.0184774272485204 0.0191626046902403
"39" 2016-06-08 0.00363194806283396 0.000103989487522592 6.08169084690802e-05 0.00352795857531136 0.00357113115436488
"40" 2016-06-09 -0.0102926998819868 0.000126844539135507 -7.2530432743459e-05 -0.0104195444211223 -0.0102201694492433
"41" 2016-06-10 -0.0235228997446395 0.000565279782260827 6.12918033090026e-05 -0.0240881795269003 -0.0235841915479485
"42" 2016-06-11 0.000745497190996147 0.00142594799565873 1.87959781656974e-05 -0.000680450804662579 0.00072670121283045
"43" 2016-06-12 -0.0224150345878211 0.00126491459570598 -1.94271196345266e-05 -0.0236799491835271 -0.0223956074681866
"44" 2016-06-13 0.0250202546492453 0.00215178208431923 6.86435677180882e-05 0.0228684725649261 0.0249516110815272
"45" 2016-06-14 0.0287895962961962 0.000829012946687146 0.000136153108701213 0.027960583349509 0.0286534431874949
"46" 2016-06-15 -0.00968484246220491 -0.000131448866058583 0.000143267447050829 -0.00955339359614633 -0.00982810990925574
"47" 2016-06-16 0.0144648446488507 0.000346760676640241 0.000117127717244054 0.0141180839722104 0.0143477169316066
"48" 2016-06-17 -0.00293084169478597 -0.00027107936307321 0.000175518073198961 -0.00265976233171276 -0.00310635976798493
"49" 2016-06-18 -0.0224441591539044 -1.82271801392581e-05 6.79280253994299e-05 -0.0224259319737652 -0.0225120871793038
"50" 2016-06-19 0.00503784026515319 0.000938568220976949 6.56834879175828e-05 0.00409927204417624 0.00497215677723561
"51" 2016-06-20 -0.0171906635550716 0.000620687606907239 0.000145165235898594 -0.0178113511619788 -0.0173358287909702
"52" 2016-06-21 -0.0116324209754914 0.00142072308497873 0.000158567237573853 -0.0130531440604702 -0.0117909882130653
"53" 2016-06-22 0.00681493870903438 0.00179761099574425 0.000183182592852879 0.00501732771329013 0.0066317561161815
"54" 2016-06-23 0.0257490204480835 0.0013893999764282 0.000137853528695473 0.0243596204716553 0.025611166919388
"55" 2016-06-24 -0.00126009096034707 0.000273693567121917 0.000133613390409963 -0.00153378452746899 -0.00139370435075703
"56" 2016-06-25 0.0185018038524234 0.000379185978939187 0.000185726003051919 0.0181226178734842 0.0183160778493715
"57" 2016-06-26 0.014368759260984 -0.000408106462660236 0.000126024812261839 0.0147768657236443 0.0142427344487222
"58" 2016-06-27 0.0149044028870851 -0.000864564447814154 0.000107975971857406 0.0157689673348992 0.0147964269152276
"59" 2016-06-28 0.00604727442858 -0.00129364387468773 9.03099443479696e-05 0.00734091830326773 0.00595696448423203
"60" 2016-06-29 0.00810878406194249 -0.00137493214371135 3.6152193318787e-05 0.00948371620565384 0.0080726318686237
"61" 2016-06-30 -0.00800559782442889 -0.00150936322912534 0.000131114461063337 -0.00649623459530355 -0.00813671228549223
"62" 2016-07-01 -0.0133159719905898 -0.00111543497348696 9.78679750824681e-05 -0.0122005370171028 -0.0134138399656722
"63" 2016-07-02 -0.00153149011907594 -0.000563414581240732 4.0386301026152e-05 -0.000968075537835208 -0.00157187642010209
"64" 2016-07-03 0.00466743541210413 -0.000409863763967916 0.000109189749283071 0.00507729917607204 0.00455824566282106
"65" 2016-07-04 0.0172085601221461 -0.000523919068006621 -1.56821493259467e-06 0.0177324791901527 0.0172101283370787
"66" 2016-07-05 -0.00348104027799145 -0.001094765340994 0.000132547737631666 -0.00238627493699745 -0.00361358801562312
"67" 2016-07-06 0.009271285671133 -0.000891369621212095 4.36556733333566e-06 0.0101626552923451 0.00926692010379966
"68" 2016-07-07 0.00731463265237231 -0.00113406745400689 5.24728751048744e-05 0.0084487001063792 0.00726215977726744
"69" 2016-07-08 0.0135341279323598 -0.00129290489569009 5.39020186298864e-05 0.0148270328280498 0.0134802259137299
"70" 2016-07-09 0 -0.00164668740623039 0.000177783726571007 0.00164668740623039 -0.000177783726571007
"71" 2016-07-10 -0.0103655038199495 -0.00151205906230865 0.000142950024706867 -0.00885344475764084 -0.0105084538446564
"72" 2016-07-11 -0.0150374643106375 -0.00105405401827557 0.000177968463049855 -0.0139834102923619 -0.0152154327736873
"73" 2016-07-12 -0.00568232854100259 -0.000441248010095347 8.31879430734754e-05 -0.00524108053090724 -0.00576551648407607
"74" 2016-07-13 0 -0.000136678168857789 0.000227938733915155 0.000136678168857789 -0.000227938733915155
"75" 2016-07-14 0 -7.76899192719093e-05 0.000224241826493791 7.76899192719093e-05 -0.000224241826493791
"76" 2016-07-15 -0.0114949693207205 -3.69214259291795e-05 0.00023944343085046 -0.0114580478947913 -0.0117344127515709
"77" 2016-07-16 0.013082738851498 0.00039315884826859 0.000207434766763731 0.0126895800032294 0.0128753040847343
"78" 2016-07-17 -0.00610766607733204 -4.61285789998849e-06 0.000132193689674402 -0.00610305321943205 -0.00623985976700644
"79" 2016-07-18 -0.0142908391806618 0.000212244294478642 0.000160159120333436 -0.0145030834751404 -0.0144509983009952
"80" 2016-07-19 0.00629405879957368 0.000762839084259021 0.000152436060741911 0.00553121971531466 0.00614162273883177
"81" 2016-07-20 -0.0145134673197251 0.000571497191959983 0.000206893243028334 -0.0150849645116851 -0.0147203605627535
"82" 2016-07-21 -0.000633056033073842 0.00108762551727494 0.000101406665863479 -0.00172068155034879 -0.000734462698937321
"83" 2016-07-22 -0.00133727559112273 0.00109921187665907 3.98484676432019e-05 -0.0024364874677818 -0.00137712405876593
"84" 2016-07-23 0.00505536679317053 0.00112796052752577 0.000188062561263753 0.00392740626564477 0.00486730423190678
"85" 2016-07-24 -0.00101770220136643 0.000930267976937027 0.000183915314914446 -0.00194797017830346 -0.00120161751628088
"86" 2016-07-25 0.0119782767195851 0.000944521148210627 0.000161828018104211 0.0110337555713744 0.0118164487014809
"87" 2016-07-26 0.0187653283624876 0.000498854278353882 0.000107658885016862 0.0182664740841337 0.0186576694774707
"88" 2016-07-27 -0.00142042566450051 -0.000176429404800832 0.000157806052859783 -0.00124399625969968 -0.0015782317173603
"89" 2016-07-28 0.0045337019998577 -0.000140913623981086 0.000170989126252206 0.00467461562383878 0.00436271287360549
"90" 2016-07-29 0.00249543608453706 -0.00024329776715305 0.000246234394402478 0.00273873385169011 0.00224920169013458
"91" 2016-07-30 0.00309376414830531 -0.000297970375999056 0.000215479001088352 0.00339173452430437 0.00287828514721696
"92" 2016-07-31 0.00522458551460048 -0.000356864391439115 0.000243458304135161 0.00558144990603959 0.00498112721046532
"93" 2016-08-01 -0.00904707199103605 -0.000496435888428425 0.000267963052940117 -0.00855063610260762 -0.00931503504397617
"94" 2016-08-02 -0.00729056134255401 -0.000128558386699656 0.000280210306445372 -0.00716200295585436 -0.00757077164899939
"95" 2016-08-03 0.00165971647178687 0.000208529878337094 0.000217674327862124 0.00145118659344977 0.00144204214392474
"96" 2016-08-04 0.0024142880907565 0.00019956778896428 0.000305349628234628 0.00221472030179222 0.00210893846252187
"97" 2016-08-05 0 0.000131296914975302 0.000163094040529723 -0.000131296914975302 -0.000163094040529723
"98" 2016-08-06 0.002096725430075 0.00015351704898582 0.000302192044790767 0.00194320838108918 0.00179453338528423
"99" 2016-08-07 -0.00691242297950545 0.000109933955233486 0.000309091388594001 -0.00702235693473894 -0.00722151436809945
"100" 2016-08-08 0 0.000387470793166022 0.000185770669114562 -0.000387470793166022 -0.000185770669114562
"101" 2016-08-09 -0.0200404511885086 0.000424535991021191 0.000226005324946826 -0.0204649871795298 -0.0202664565134554
"102" 2016-08-10 0.000230933549897117 0.00115185627437911 0.000328653306072874 -0.00092092272448199 -9.77197561757574e-05
"103" 2016-08-11 0.00140355179272689 0.00117438268644346 0.000274972530388646 0.000229169106283423 0.00112857926233824
"104" 2016-08-12 -0.011498787215519 0.00108925912296224 0.000343903981601828 -0.0125880463384812 -0.0118426911971208
"105" 2016-08-13 0.000771510662053387 0.00146197929828608 0.000326845921789356 -0.000690468636232688 0.000444664740264032
"106" 2016-08-14 0.0125617089179393 0.00142682534131814 0.000299613412171038 0.0111348835766211 0.0122620955057682
"107" 2016-08-15 0.00289338108723491 0.000959438847060509 0.000329119699219719 0.00193394224017441 0.0025642613880152
"108" 2016-08-16 -0.0142678476928921 0.000801196330725911 0.000237804762058903 -0.015069044023618 -0.014505652454951
"109" 2016-08-17 0.00469902386228682 0.00128851358548929 0.000313935683876382 0.00341051027679753 0.00438508817841044
"110" 2016-08-18 0.018660286125975 0.00114657968077068 0.000156438013243569 0.0175137064452044 0.0185038481127315
"111" 2016-08-19 0.00291500461345784 0.000460580080617444 0.000198211822098905 0.00245442453284039 0.00271679279135893
"112" 2016-08-20 0.00522478988421327 0.000285124060618489 0.000379700760568571 0.00493966582359478 0.00484508912364469
"113" 2016-08-21 -0.00696318575583277 0.000127171695150209 0.000267323700698528 -0.00709035745098298 -0.0072305094565313
"114" 2016-08-22 0.00471004729362789 0.000376441368063782 0.000317081881721065 0.00433360592556411 0.00439296541190683
"115" 2016-08-23 0.000139250954727999 0.000263995674463483 0.00032474231687967 -0.000124744719735485 -0.000185491362151671
"116" 2016-08-24 0.0105981753266917 0.000256682848430851 0.000210932922043533 0.0103414924782609 0.0103872424046482
"117" 2016-08-25 0.0146368687833842 -8.90049040447622e-05 0.000368523920651977 0.014725873687429 0.0142683448627322
"118" 2016-08-26 0.00227054477687183 -0.000591517537503015 0.00026237262542317 0.00286206231437485 0.00200817215144866
"119" 2016-08-27 0.00488043733293431 -0.00066457480824984 0.000357638023888269 0.00554501214118415 0.00452279930904604
"120" 2016-08-28 0.00782909626977357 -0.000753542055197079 0.000362784417810978 0.00858263832497065 0.00746631185196259
"121" 2016-08-29 -0.00982172800487646 -0.000953764102426337 0.00031383257514438 -0.00886796390245012 -0.0101355605800208
"122" 2016-08-30 -0.00971938492948432 -0.000595131621671194 0.000274453469847157 -0.00912425330781313 -0.00999383839933148
"123" 2016-08-31 0.00352817725646482 -0.000149299036454115 0.000283665264316582 0.00367747629291893 0.00324451199214823
"124" 2016-09-01 0.00847004897621417 -0.000166046893955646 0.000265737496793895 0.00863609587016982 0.00820431147942028
"125" 2016-09-02 -0.00544618404203057 -0.000431766705269641 0.000328392040950341 -0.00501441733676093 -0.00577457608298091
"126" 2016-09-03 0.00481499973086663 -0.000238641793378616 0.000289159464931496 0.00505364152424525 0.00452584026593514
"127" 2016-09-04 -0.00703776761619501 -0.000303668114877629 0.000206367085240272 -0.00673409950131738 -0.00724413470143528
"128" 2016-09-05 -0.0113746516857951 -4.27667679390622e-05 0.00015817884091886 -0.011331884917856 -0.011532830526714
"129" 2016-09-06 -0.00315144107301712 0.000405953292966742 0.000252916502796201 -0.00355739436598387 -0.00340435757581333
"130" 2016-09-07 -0.0127665465390354 0.000593586678434671 0.000258127740036086 -0.0133601332174701 -0.0130246742790715
"131" 2016-09-08 -0.0225345028015838 0.00101326013049227 0.000204232471501804 -0.023547762932076 -0.0227387352730856
"132" 2016-09-09 0.0142843762340945 0.00175119156980002 0.000164762969627347 0.0125331846642945 0.0141196132644672
"133" 2016-09-10 0 0.00144968315318776 0.000204035867318533 -0.00144968315318776 -0.000204035867318533
"134" 2016-09-11 0.0018846499077334 0.00128090567032098 0.000331700139249052 0.000603744237412426 0.00155294976848435
"135" 2016-09-12 0.0188649130482936 0.00121321820571281 0.000377742804661464 0.0176516948425808 0.0184871702436322
"136" 2016-09-13 -0.00220361420857351 0.000573385571017454 0.000361812631019072 -0.00277699977959097 -0.00256542683959258
"137" 2016-09-14 0.0119339555824887 0.000515994170493198 0.000376961003769855 0.0114179614119955 0.0115569945787188
"138" 2016-09-15 -0.000457184953811307 0.000171624513684041 0.00035684559111019 -0.000628809467495348 -0.000814030544921497
"139" 2016-09-16 -0.040492752886701 0.000123409265212802 0.000271862561780991 -0.0406161621519138 -0.040764615448482
"140" 2016-09-17 -0.0318294628461633 0.00145422995002575 0.000181198133017986 -0.033283692796189 -0.0320106609791813
"141" 2016-09-18 0.0216118481790133 0.00256544210984375 0.000366700485647994 0.0190464060691695 0.0212451476933653
"142" 2016-09-19 0.0137677813973944 0.00241899334648906 0.000382713769845491 0.0113487880509054 0.0133850676275489
"143" 2016-09-20 0.00527443198972577 0.00158878074221153 0.000422752817496007 0.00368565124751423 0.00485167917222976
"144" 2016-09-21 0.000896403304514237 0.000928738645713104 0.000398718759190512 -3.2335341198867e-05 0.000497684545323725
"145" 2016-09-22 0.000259443900622713 0.00112018672755711 0.000343604370309767 -0.000860742826934398 -8.4160469687054e-05
"146" 2016-09-23 -0.0152490284695599 0.00108689616968392 0.000411045650159685 -0.0163359246392438 -0.0156600741197196
"147" 2016-09-24 -0.0184729764300027 0.00143920949786348 0.000331584619797255 -0.0199121859278662 -0.0188045610497999
"148" 2016-09-25 0.00674800651394492 0.00201405721070867 0.000354592422418187 0.00473394930323624 0.00639341409152673
"149" 2016-09-26 0.00263298889406727 0.00248904456125219 0.000245989976866478 0.000143944332815082 0.00238699891720079
"150" 2016-09-27 0.0168358611798709 0.00187076196996314 0.000177829581638187 0.0149650992099078 0.0166580315982327
"151" 2016-09-28 0.00814217338928636 0.00190547184660934 0.000346772574003594 0.00623670154267702 0.00779540081528276
"152" 2016-09-29 0.00501100241917563 0.000823993410550069 0.000315842611429707 0.00418700900862556 0.00469515980774592
"153" 2016-09-30 -0.000317410006179131 0.00122085464291924 0.000204577289232601 -0.00153826464909837 -0.000521987295411732
"154" 2016-10-01 0.00390088304318859 0.000523504939080988 0.000357181312547859 0.0033773781041076 0.00354370173064073
"155" 2016-10-02 -0.000493293978864884 0.000469281584705009 0.000309379847563581 -0.000962575563569893 -0.000802673826428464
"156" 2016-10-03 -0.00468797474318805 0.00040285173139784 0.00032575096050391 -0.00509082647458589 -0.00501372570369196
"157" 2016-10-04 -0.000295406879674331 0.000540887790477771 0.000365944613939248 -0.000836294670152102 -0.00066135149361358
"158" 2016-10-05 0.00155785556169796 0.000667394768422601 0.000262931069049811 0.000890460793275362 0.00129492449264815
"159" 2016-10-06 0.00027182985088281 0.00120299202537826 0.000139679787148526 -0.000931162174495453 0.000132150063734284
"160" 2016-10-07 0.00558937685939576 0.000585995952839272 0.000347584259143754 0.00500338090655648 0.005241792600252
"161" 2016-10-08 0.00522110249526087 0.000472002103215653 0.000329591677499713 0.00474910039204521 0.00489151081776115
"162" 2016-10-09 0.00183061829294395 -0.000407871305787753 0.000174250092115112 0.00223848959873171 0.00165636820082884
"163" 2016-10-10 -0.0103802986548835 0.00012876591958742 0.000213421527646988 -0.010509064574471 -0.0105937201825305
"164" 2016-10-11 -0.0102598247427554 0.000358441053047128 0.000249896271967173 -0.0106182657958026 -0.0105097210147226
"165" 2016-10-12 0.00506853322409917 0.00156203506089691 0.000267295338169466 0.00350649816320226 0.0048012378859297
"166" 2016-10-13 -0.0128719268141548 0.0003708059046331 0.000224272158415308 -0.0132427327187879 -0.0130961989725701
"167" 2016-10-14 0 0.00136822008831748 0.000132062623977173 -0.00136822008831748 -0.000132062623977173
"168" 2016-10-15 -0.000578530984393311 0.00135503872063228 0.00025718661218513 -0.00193356970502559 -0.000835717596578441
"169" 2016-10-16 -0.00324421065421454 0.001155588609713 0.000342699384594655 -0.00439979926392754 -0.0035869100388092
"170" 2016-10-17 0.00274840570958013 0.00132336143924455 0.000299395374688527 0.00142504427033558 0.0024490103348916
"171" 2016-10-18 0 0.00141542105080112 0.000193708261966614 -0.00141542105080112 -0.000193708261966614
"172" 2016-10-19 -0.00835350579283656 0.00119302216768075 0.000233617461802348 -0.00954652796051731 -0.00858712325463891
"173" 2016-10-20 0.00162899910604786 0.00151875712992102 0.000462497755711264 0.000110241976126835 0.00116650135033659
"174" 2016-10-21 0.0109460219093389 0.0014663706017282 0.000333944991164781 0.00947965130761071 0.0106120769181741
"175" 2016-10-22 -0.00877519968910434 0.00109577414425957 0.000400748008753629 -0.00987097383336391 -0.00917594769785797
"176" 2016-10-23 0.00196170332352885 0.000832090739366969 0.000330849356098231 0.00112961258416188 0.00163085396743062
"177" 2016-10-24 -0.000133510142672932 0.00149917088852332 0.000487569998239942 -0.00163268103119626 -0.000621080140912875
"178" 2016-10-25 0.0148028283185617 0.00110263087124206 0.000466016732979376 0.0137001974473197 0.0143368115855823
"179" 2016-10-26 -0.00405958140588325 0.000780599679594539 0.000370452224798549 -0.00484018108547779 -0.0044300336306818
"180" 2016-10-27 0.00256770514020133 0.000527763004393187 0.000422333355024862 0.00203994213580814 0.00214537178517646
"181" 2016-10-28 0.0031339063482072 0.000644880740008723 0.000446198948694613 0.00248902560819848 0.00268770739951259
"182" 2016-10-29 0.0154681845648863 -0.000444378305268934 0.0003517587442963 0.0159125628701552 0.01511642582059
"183" 2016-10-30 -0.00211476165448943 8.16643795690201e-05 0.000385439029370702 -0.00219642603405845 -0.00250020068386013
"184" 2016-10-31 0.00100805512055224 -0.001271169117203 0.000425564146885743 0.00227922423775524 0.0005824909736665
"185" 2016-11-01 0.00225610216141092 -2.92807095407706e-05 0.000445587138044255 0.00228538287095169 0.00181051502336667
"186" 2016-11-02 -0.00199100454636714 -8.68901678735179e-05 0.000276932619113503 -0.00190411437849362 -0.00226793716548064
"187" 2016-11-03 -0.0119926014163436 -4.00384218316491e-05 0.000284838839613404 -0.011952562994512 -0.012277440255957
"188" 2016-11-04 -0.00199329460635944 -0.00072398977493596 0.00037533260139783 -0.00126930483142348 -0.00236862720775727
"189" 2016-11-05 0.0172584675280376 0.000651474753994948 0.000461375819111622 0.0166069927740427 0.016797091708926
"190" 2016-11-06 0.00225557825766387 0.00023993029539952 0.000488058779781599 0.00201564796226435 0.00176751947788227
"191" 2016-11-07 -0.00149372242522006 -0.000171495108623376 0.000464163147055104 -0.00132222731659668 -0.00195788557227516
"192" 2016-11-08 -0.0049331814507898 -6.34343744770516e-05 0.00049139647393012 -0.00486974707631275 -0.00542457792471992
"193" 2016-11-09 -0.00403531604994711 0.00083290724645262 0.000479379187427686 -0.00486822329639973 -0.0045146952373748
"194" 2016-11-10 0.00313339975366311 -0.000273079069171548 0.000341659412410519 0.00340647882283466 0.00279174034125259
"195" 2016-11-11 -0.00947776171814851 0.00105403087787593 0.000453385454355328 -0.0105317925960244 -0.00993114717250384
"196" 2016-11-12 -0.000412664974618338 0.000521359626912121 0.00037744123875886 -0.000934024601530459 -0.000790106213377198
"197" 2016-11-13 -0.00628443157211933 0.00165907715066507 0.000410954585304122 -0.0079435087227844 -0.00669538615742345
"198" 2016-11-14 -0.00592443202168269 0.000875542517527116 0.000338659167055007 -0.00679997453920981 -0.0062630911887377
"199" 2016-11-15 -0.00621130231416345 0.00114260736542839 0.000384159881584828 -0.00735390967959184 -0.00659546219574828
"200" 2016-11-16 0.0014479815310775 0.000461163359999113 0.000437223272222277 0.00098681817107839 0.00101075825885523
"201" 2016-11-17 -0.0139795149241007 0.00142274371167286 0.000300423576694401 -0.0154022586357735 -0.0142799385007951
"202" 2016-11-18 -0.01301184660697 0.00161852422740318 0.000459687082064946 -0.0146303708343731 -0.0134715336890349
"203" 2016-11-19 0.0228366831562141 0.00216705472112568 0.000482839928134737 0.0206696284350884 0.0223538432280794
"204" 2016-11-20 0.00292348861041525 0.00183212017951824 0.000347181806142846 0.00109136843089701 0.0025763068042724
"205" 2016-11-21 -0.0105376680235381 0.00114337077646738 0.000311148275332118 -0.0116810388000054 -0.0108488162988702
"206" 2016-11-22 -0.0126853402869589 0.000904972163771785 0.000449766862378466 -0.0135903124507307 -0.0131351071493374
"207" 2016-11-23 0.0186799366205488 0.00180387841565332 0.000413369432988197 0.0168760582048955 0.0182665671875606
"208" 2016-11-24 0.0188579637309552 0.0013681264509615 0.000321558484499654 0.0174898372799937 0.0185364052464555
"209" 2016-11-25 -0.0146371254204389 0.000548896524103875 0.000413719976070298 -0.0151860219445428 -0.0150508453965092
"210" 2016-11-26 -0.00703505380633906 0.000322461673096824 0.000415886860436813 -0.00735751547943589 -0.00745094066677588
"211" 2016-11-27 0.00807885412601905 0.00177970794412697 0.00025812511355844 0.00629914618189209 0.00782072901246061
"212" 2016-11-28 -0.00362519152214524 0.00111872015927884 0.000200408616784804 -0.00474391168142408 -0.00382560013893005
"213" 2016-11-29 -0.00569725430798762 0.00118522992468131 0.000243883787249694 -0.00688248423266893 -0.00594113809523731
"214" 2016-11-30 0.00135376774758633 0.000991939622005005 0.000374560043080323 0.000361828125581327 0.000979207704506009
"215" 2016-12-01 0.00013321477755035 0.00150352505528762 0.000434104918288481 -0.00137031027773727 -0.000300890140738131
"216" 2016-12-02 0.00613388782050173 0.000810578630120696 0.000345087996283474 0.00532330919038103 0.00578879982421825
"217" 2016-12-03 -0.00767658643333924 0.00130707655302872 0.000484061041563954 -0.00898366298636796 -0.00816064747490319
"218" 2016-12-04 -0.0234202521150415 0.000521589081116267 0.000451923043843265 -0.0239418411961578 -0.0238721751588848
"219" 2016-12-05 0.0147261329521058 0.00210382230045213 0.000376038315672435 0.0126223106516537 0.0143500946364334
"220" 2016-12-06 -0.00912056651830184 0.00180079410399604 0.000385505524180791 -0.0109213606222979 -0.00950607204248263
"221" 2016-12-07 0.00653115340869981 0.00116959863971515 0.00028987648667743 0.00536155476898466 0.00624127692202238
"222" 2016-12-08 0.00886521751930403 0.00214121631792825 0.000450921480784814 0.00672400120137578 0.00841429603851921
"223" 2016-12-09 -0.00164354824197765 0.000486978742987498 0.000272154575195159 -0.00213052698496515 -0.00191570281717281
"224" 2016-12-10 0.00451571446529719 0.00144756724655319 0.000405341379851509 0.003068147218744 0.00411037308544568
"225" 2016-12-11 0.00144695396700811 0.000500055540791873 0.000320734193193597 0.000946898426216241 0.00112621977381452
"226" 2016-12-12 0.00149043796245785 0.00109368796961474 0.000232064215559931 0.000396749992843111 0.00125837374689792
"227" 2016-12-13 -0.00422358058944994 0.000374956590556272 0.00038256272559589 -0.00459853718000621 -0.00460614331504583
"228" 2016-12-14 -0.00937573760949206 0.0010066799655742 0.000357736787116083 -0.0103824175750663 -0.00973347439660815
"229" 2016-12-15 -0.0063640818165922 0.000836577413445482 0.000353034619261642 -0.00720065923003769 -0.00671711643585385
"230" 2016-12-16 -0.00653886576150775 0.00169243550771352 0.000340355534368119 -0.00823130126922127 -0.00687922129587587
"231" 2016-12-17 0.00961055110671438 0.00130498422194462 0.000135121434023265 0.00830556688476977 0.00947542967269112
"232" 2016-12-18 -0.0138004284019004 0.00182863879348152 0.000306067024954871 -0.015629067195382 -0.0141064954268553
"233" 2016-12-19 -0.00281058557228064 0.00083854643350768 0.000318804041794173 -0.00364913200578832 -0.00312938961407482
"234" 2016-12-20 -0.0111031533799668 0.00268753062840092 0.000226921453538676 -0.0137906840083677 -0.0113300748335055
"235" 2016-12-21 0.0140843629712304 0.00112523851952728 0.000267259074118567 0.0129591244517031 0.0138171038971118
"236" 2016-12-22 0.00810907255261917 0.00297100970364199 0.000261026505518394 0.00513806284897718 0.00784804604710077
"237" 2016-12-23 0.00664037889530533 -4.75041361536728e-05 0.00036857145007889 0.00668788303145901 0.00627180744522644
"238" 2016-12-24 0.0118128313634625 0.0020899735807691 0.000352347024703504 0.00972285778269335 0.0114604843387589
"239" 2016-12-25 -0.0230824828053464 -0.00064371475471155 0.000491179846792255 -0.0224387680506349 -0.0235736626521387
"240" 2016-12-26 -0.0121076009518202 0.000817052244799516 0.000365934669347296 -0.0129246531966197 -0.0124735356211675
"241" 2016-12-27 -0.00873653962707621 0.00109954131607307 0.000436916760606595 -0.00983608094314929 -0.00917345638768281
"242" 2016-12-28 0.0116357396229478 0.00246594105933304 0.000460817766718465 0.0091697985636148 0.0111749218562294
"243" 2016-12-29 0.0131967411231653 0.00176258356758524 0.000334568707971881 0.01143415755558 0.0128621724151934
"244" 2016-12-30 0.00102027398758331 0.00126320580085233 0.000534466285808743 -0.000242931813269019 0.000485807701774566
"245" 2016-12-31 -0.00105808191133683 0.000384499524034765 0.000462240931063231 -0.00144258143537159 -0.00152032284240006
"246" 2017-01-01 0.00913321215625906 0.00113681799439765 0.000294325924164226 0.00799639416186142 0.00883888623209484
"247" 2017-01-02 -0.0112391278539548 0.000234435557277424 0.000352781488677882 -0.0114735634112322 -0.0115919093426326
"248" 2017-01-03 0.000120690914798161 0.000690249260555455 0.0004428315514919 -0.000569558345757295 -0.00032214063669374
"249" 2017-01-04 0.00286462463902559 0.00107599822459875 0.000412842165942791 0.00178862641442684 0.0024517824730828
"250" 2017-01-05 -0.013475778294529 0.000678891865876185 0.000458971134526392 -0.0141546701604051 -0.0139347494290553
"251" 2017-01-06 -0.000325385469421846 0.00103450861132919 0.000348961820182976 -0.00135989408075103 -0.000674347289604822
"252" 2017-01-07 0.00203221042160884 0.00147677623213817 0.000391206819515908 0.000555434189470672 0.00164100360209293
"253" 2017-01-08 -0.00640639921939012 0.00114604316262315 0.000240498087099012 -0.00755244238201327 -0.00664689730648914
"254" 2017-01-09 -0.0136896193252412 0.00138241305073238 0.00040601909374554 -0.0150720323759735 -0.0140956384189867
"255" 2017-01-10 0.00860975432859412 0.00157272510759324 0.000295516217847361 0.00703702922100088 0.00831423811074676
"256" 2017-01-11 -0.0179898982119209 0.00203668065356576 0.000445577427149125 -0.0200265788654866 -0.01843547563907
"257" 2017-01-12 0.0118293770725302 0.001154031133677 0.000442355311817099 0.0106753459388532 0.0113870217607131
"258" 2017-01-13 0.022205923736232 0.00285269467120615 0.000413054328333473 0.0193532290650258 0.0217928694078985
"259" 2017-01-14 0.00747172029036491 -0.000205088301560228 0.000392145928942592 0.00767680859192514 0.00707957436142232
"260" 2017-01-15 -0.00743891233242877 0.00106980180792642 0.000379814375223883 -0.00850871414035519 -0.00781872670765265
"261" 2017-01-16 0.00631707727475295 -0.000477736111419197 0.000399108343084412 0.00679481338617214 0.00591796893166853
"262" 2017-01-17 -0.0026968236192797 0.00148156185968695 0.000362030104612761 -0.00417838547896664 -0.00305885372389246
"263" 2017-01-18 -0.020327939078097 -0.000777342283064838 0.000437379418918028 -0.0195505967950322 -0.0207653184970151
"264" 2017-01-19 0 0.00196445843129184 0.000294302273596064 -0.00196445843129184 -0.000294302273596064
"265" 2017-01-20 0.00385931020533015 0.000647618327218914 0.000260960484865633 0.00321169187811123 0.00359834972046451
"266" 2017-01-21 0.00971126235022446 0.00174185322695507 0.000241366796556924 0.00796940912326938 0.00946989555366753
"267" 2017-01-22 -0.00437568595740601 0.000180641849973163 0.000135448615234534 -0.00455632780737917 -0.00451113457264054
"268" 2017-01-23 -0.00644529860513465 0.00105814020868015 0.000161392698299266 -0.0075034388138148 -0.00660669130343392
"269" 2017-01-24 -0.00983493719462025 0.000585612268108952 0.000170701853373217 -0.0104205494627292 -0.0100056390479935
"270" 2017-01-25 0 0.00163297676362402 0.000178839650126877 -0.00163297676362402 -0.000178839650126877
"271" 2017-01-26 0 0.00120843317614238 0.000297011907274496 -0.00120843317614238 -0.000297011907274496
"272" 2017-01-27 0.0189939323401571 0.00149797488791234 5.83611274430299e-05 0.0174959574522448 0.0189355712127141
"273" 2017-01-28 0.00672991305373039 0.000777877263290019 0.000201956374393353 0.00595203579044037 0.00652795667933703
"274" 2017-01-29 -0.00171485191034648 -2.01315152703496e-05 3.05964522287024e-05 -0.00169472039507613 -0.00174544836257518
"275" 2017-01-30 0 0.000300013756361675 0.00015475800788875 -0.000300013756361675 -0.00015475800788875
"276" 2017-01-31 0.00815015301061983 0.000119539157430224 6.84710574426827e-05 0.00803061385318961 0.00808168195317715
"277" 2017-02-01 -0.0067564270999565 0.000216664345354053 2.3999463193585e-05 -0.00697309144531055 -0.00678042656315008
"278" 2017-02-02 -0.00641977552919748 -0.000251548121606796 0.000196508507794917 -0.00616822740759068 -0.0066162840369924
"279" 2017-02-03 0.0175773583197891 0.000862784610770476 -7.79212628094478e-05 0.0167145737090187 0.0176552795825986
"280" 2017-02-04 -0.00338024200284615 -7.51735714588425e-05 6.6814148803643e-07 -0.0033050684313873 -0.00338091014433418
"281" 2017-02-05 0.0159716769504303 -0.000321724791522405 0.000282822758502749 0.0162934017419527 0.0156888541919276
"282" 2017-02-06 0.0159936564347607 -5.29302946105903e-05 0.000164271641219923 0.0160465867293713 0.0158293847935408
"283" 2017-02-07 -0.000555836063231396 -0.0016458696501606 0.000212259213436664 0.0010900335869292 -0.000768095276668061
"284" 2017-02-08 0.00756098665222993 -0.000968876055357385 0.000196628603113429 0.00852986270758731 0.0073643580491165
"285" 2017-02-09 0.00575497679927039 -0.00139671779123731 0.000125380249404094 0.00715169459050771 0.0056295965498663
"286" 2017-02-10 -0.00623678046958176 -0.00144670527780755 -9.7379231849038e-06 -0.00479007519177421 -0.00622704254639686
"287" 2017-02-11 0.00148743670988161 -0.00141357019353943 -7.86657069308893e-05 0.00290100690342103 0.0015661024168125
"288" 2017-02-12 -0.000240739135369594 -0.000733307727549471 -1.71878345272147e-05 0.000492568592179877 -0.000223551300842379
"289" 2017-02-13 -0.00700152310727375 -0.00129254111156678 0.000178525667595031 -0.00570898199570698 -0.00718004877486879
"290" 2017-02-14 0.00991966552583001 -0.000402834635077868 7.0962600158988e-05 0.0103225001609079 0.00984870292567103
"291" 2017-02-15 0.00484860078482541 -0.000781561851866151 1.93337213980395e-05 0.00563016263669156 0.00482926706342737
"292" 2017-02-16 -0.00207201269033064 -0.00100844350245204 0.000114003865580867 -0.0010635691878786 -0.00218601655591151
"293" 2017-02-17 0.00283772326742771 -0.00089293876128546 7.07885158328361e-05 0.00373066202871317 0.00276693475159487
"294" 2017-02-18 -0.00757179507331607 -0.000722419564534783 0.000141758000231668 -0.00684937550878128 -0.00771355307354774
"295" 2017-02-19 -0.00641273243846285 -0.00077911300500537 0.000172153250991483 -0.00563361943345748 -0.00658488568945434
"296" 2017-02-20 0.00167617380099294 7.79738515470162e-05 0.000125173363906312 0.00159819994944593 0.00155100043708663
"297" 2017-02-21 0.00616727116596927 -0.000216641815964253 6.67774975780751e-05 0.00638391298193352 0.00610049366839119
"298" 2017-02-22 -0.00762101378450808 -7.29051470099696e-05 2.58285944063312e-06 -0.00754810863749811 -0.00762359664394871
"299" 2017-02-23 -0.00973741679212026 -0.000445354721908706 0.00031277603783057 -0.00929206207021155 -0.0100501928299508
"300" 2017-02-24 -0.00140176148680737 0.000693897964466925 0.000357189104595594 -0.0020956594512743 -0.00175895059140297
"301" 2017-02-25 0.000285050304050571 0.000598030360994451 0.000357255687165054 -0.00031298005694388 -7.22053831144831e-05
"302" 2017-02-26 -0.00983396858954499 0.000799510333340171 0.00017370270226508 -0.0106334789228852 -0.0100076712918101
"303" 2017-02-27 0.0020085360611084 0.000548695212151868 0.00021919329912658 0.00145984084895653 0.00178934276198182
"304" 2017-02-28 0.0163837422286122 0.00140327704143409 0.000712577353571964 0.0149804651871781 0.0156711648750402
"305" 2017-03-01 0.0040349625980749 7.91061803511073e-05 0.000582650819428428 0.00395585641772379 0.00345231177864647
"306" 2017-03-02 -0.0110426822348568 0.000162090548467735 0.00054243923202245 -0.0112047727833246 -0.0115851214668793
"307" 2017-03-03 -0.000584933156090983 6.36382655009907e-05 0.000866450194179365 -0.000648571421591974 -0.00145138335027035
"308" 2017-03-04 0.00164473413678223 0.000995471666125717 0.00079914234067569 0.000649262470656516 0.000845591796106543
"309" 2017-03-05 -0.00907315393265762 0.000490253901139947 0.000567059644486359 -0.00956340783379757 -0.00964021357714398
"310" 2017-03-06 0.00952901989573895 0.000994247605187554 0.000487172614487857 0.0085347722905514 0.0090418472812511
"311" 2017-03-07 0.00109331898179299 0.000609512538333364 0.000242653776968341 0.000483806443459626 0.000850665204824649
"312" 2017-03-08 -0.0106449682710732 0.000289921933443244 0.000121969833127558 -0.0109348902045164 -0.0107669381042008
"313" 2017-03-09 0.000717900832999163 0.000707300346739165 0.000101560369184841 1.06004862599981e-05 0.000616340463814323
"314" 2017-03-10 -0.0117180639538716 0.00104104983181693 0.000225456292234353 -0.0127591137856886 -0.011943520246106
"315" 2017-03-11 -0.00264500802541789 0.0010527666178791 0.000163389599464858 -0.00369777464329699 -0.00280839762488275
"316" 2017-03-12 -0.0074808925341241 0.00184413674043097 0.000148562725730172 -0.00932502927455506 -0.00762945525985427
"317" 2017-03-13 0.012285945908868 0.00107135220070691 7.75139593612804e-05 0.0112145937081611 0.0122084319495067
"318" 2017-03-14 0.00357464776360317 0.00200689592795372 0.000107014198703343 0.00156775183564945 0.00346763356489982
"319" 2017-03-15 -0.00448403177966661 9.26535247122535e-05 0.000182206107728496 -0.00457668530437886 -0.0046662378873951
"320" 2017-03-16 -0.00473920274913375 0.0017278811368152 3.96806662409128e-05 -0.00646708388594895 -0.00477888341537467
"321" 2017-03-17 -0.00191357993376329 0.00048465399240973 0.000132975441229416 -0.00239823392617302 -0.0020465553749927
"322" 2017-03-18 -0.000315338301058787 0.00198686422231742 5.09576744677213e-05 -0.00230220252337621 -0.000366295975526509
"323" 2017-03-19 -0.00845501443146901 0.00128376018694183 8.54863541249061e-05 -0.00973877461841084 -0.00854050078559392
"324" 2017-03-20 0.00795766959720368 0.00201243118848118 4.41984119798425e-05 0.0059452384087225 0.00791347118522383
"325" 2017-03-21 0.012160016308739 0.000985608246719624 4.17222709928379e-05 0.0111744080620194 0.0121182940377461
"326" 2017-03-22 -0.00433056326972903 0.00114055867795678 -2.10461621167179e-05 -0.00547112194768581 -0.00430951710761231
"327" 2017-03-23 6.7183155863404e-05 0.000176102975106386 -0.000111272603485749 -0.000108919819242982 0.000178455759349152
"328" 2017-03-24 0.0192417290598836 0.00138331457443719 0.000100664497944601 0.0178584144854465 0.019141064561939
"329" 2017-03-25 -0.00470669510770172 -0.000153896585401342 6.15769902059818e-05 -0.00455279852230038 -0.0047682720979077
"330" 2017-03-26 0.00436724951685719 0.000115823522321932 -0.000103185098736416 0.00425142599453525 0.0044704346155936
"331" 2017-03-27 0 0.000231607993811756 9.14604014588119e-05 -0.000231607993811756 -9.14604014588119e-05
"332" 2017-03-28 -0.0144297665742741 4.92273914201781e-06 0.000165267152784664 -0.0144346893134161 -0.0145950337270587
"333" 2017-03-29 -0.000233888270923188 0.0004910915945675 -2.20438360534052e-05 -0.000724979865490688 -0.000211844434869783
"334" 2017-03-30 -0.00408076597185847 0.000910818739024134 4.1177466041061e-05 -0.0049915847108826 -0.00412194343789953
"335" 2017-03-31 -3.80638913650699e-05 0.000575208891093093 -2.35197966029331e-05 -0.000613272782458163 -1.45440947621368e-05
"336" 2017-04-01 0.0123384536497841 0.00116466072278062 2.20792854239249e-05 0.0111737929270035 0.0123163743643602
"337" 2017-04-02 0.00417855155629887 0.000356469330025873 0.000150400962211415 0.003822082226273 0.00402815059408745
"338" 2017-04-03 -0.00406731236150648 0.000170917494632951 0.000172395564590134 -0.00423822985613943 -0.00423970792609661
"339" 2017-04-04 -0.00117803861366461 0.000145547861754858 7.04232160121634e-05 -0.00132358647541947 -0.00124846182967677
"340" 2017-04-05 0.00868401008656505 0.000551410915778292 0.000135437590980492 0.00813259917078676 0.00854857249558456
"341" 2017-04-06 0.00407062285686521 0.000131773174526863 8.79789859768185e-06 0.00393884968233835 0.00406182495826753
"342" 2017-04-07 0.00876902502789179 -0.000120196818270888 7.21769137318758e-07 0.00888922184616267 0.00876830325875447
"343" 2017-04-08 0.000438691752426834 -0.000233063732763375 2.31960756709953e-05 0.000671755485190209 0.000415495676755839
"344" 2017-04-09 -0.00184423400870237 -0.000639718746318604 4.01539429642116e-05 -0.00120451526238377 -0.00188438795166658
"345" 2017-04-10 0.00729587166335754 -0.000112345623010329 7.34128439792764e-06 0.00740821728636787 0.00728853037895962
"346" 2017-04-11 0.00719148607257836 -0.000346593276314023 -0.000133529281277678 0.00753807934889238 0.00732501535385604
"347" 2017-04-12 -0.000221379176053915 -0.000632041011348769 -0.000223921745740333 0.000410661835294854 2.54256968641769e-06
"348" 2017-04-13 -0.00219934027094304 -0.000870302172581657 -5.32574646312502e-05 -0.00132903809836138 -0.00214608280631179
"349" 2017-04-14 0 -0.000422961978290247 -3.20890614695046e-05 0.000422961978290247 3.20890614695046e-05
"350" 2017-04-15 0 -0.000533463942173059 -0.000132814545292058 0.000533463942173059 0.000132814545292058
"351" 2017-04-16 -0.0166733021733521 -0.000305042215209509 -5.78368287946224e-05 -0.0163682599581425 -0.0166154653445574
"352" 2017-04-17 -0.00220982797365288 -0.000157916983544212 -3.76597832315291e-05 -0.00205191099010867 -0.00217216819042135
"353" 2017-04-18 -0.000795344425061018 0.000995428771416614 -5.64727187413276e-05 -0.00179077319647763 -0.00073887170631969
"354" 2017-04-19 -0.00514246794682727 9.32125812061443e-05 -7.73046901615776e-05 -0.00523568052803341 -0.00506516325666569
"355" 2017-04-20 0.0149846443568045 0.00109514779053502 -8.4891571984882e-05 0.0138894965662694 0.0150695359287893
"356" 2017-04-21 0.00726613545478472 0.000224688056444464 -7.96612670228975e-05 0.00704144739834025 0.00734579672180761
"357" 2017-04-22 0.00983205190485847 -9.3961424925439e-05 -8.18932770622707e-05 0.00992601332978391 0.00991394518192074
"358" 2017-04-23 0 -0.000378904860206398 -0.000163385328715796 0.000378904860206398 0.000163385328715796
"359" 2017-04-24 0.00185591260568607 -0.000681717521300918 -0.0001129917153445 0.00253763012698699 0.00196890432103057
"360" 2017-04-25 0 -0.000445332723670975 -0.000106589585464638 0.000445332723670975 0.000106589585464638
"361" 2017-04-26 0.00142489328388073 -0.000664759418399607 -0.000285643171123049 0.00208965270228034 0.00171053645500378
"362" 2017-04-27 -0.00469844918039897 -0.000186075374141684 -0.00018307669288536 -0.00451237380625728 -0.00451537248751361
"363" 2017-04-28 -0.00364768655546222 -0.000549469463839861 -0.000275014413539515 -0.00309821709162235 -0.0033726721419227
"364" 2017-04-29 0.00560451183476296 0.000283921902557452 -0.000208471082031021 0.00532058993220551 0.00581298291679398
"365" 2017-04-30 0.00142485761449862 -2.02881063778202e-05 -9.45518789235201e-05 0.00144514572087644 0.00151940949342214
