"date" "actual" "fore_model_1" "fore_model_2" "error1" "error2"
"1" 2016-05-01 0.00882796452986057 0.00209954282418208 0.000114665242431322 0.00672842170567848 0.00871329928742924
"2" 2016-05-02 0.0119205006252656 0.00187285481418241 5.38833666239531e-05 0.0100476458110832 0.0118666172586417
"3" 2016-05-03 0.021264009716333 0.00180166417263457 4.96526499189856e-05 0.0194623455436984 0.021214357066414
"4" 2016-05-04 0.0106150792743964 0.00110444460316628 5.20965912092275e-05 0.00951063467123014 0.0105629826831872
"5" 2016-05-05 0 0.00155475741581486 2.6126708275546e-05 -0.00155475741581486 -2.6126708275546e-05
"6" 2016-05-06 -0.0024108403976193 0.00131178819717949 -1.31009781855606e-05 -0.00372262859479878 -0.00239773941943374
"7" 2016-05-07 -0.00535300729796973 0.00099706160319696 -7.73013109300905e-05 -0.00635006890116669 -0.00527570598703963
"8" 2016-05-08 -0.00208297657714063 0.000484069100478838 -3.79265311640588e-05 -0.00256704567761947 -0.00204505004597657
"9" 2016-05-09 -0.00225806227434155 0.000237695709461562 -0.000134099832029703 -0.00249575798380312 -0.00212396244231185
"10" 2016-05-10 0 0.000256027256255447 -0.000102104788785032 -0.000256027256255447 0.000102104788785032
"11" 2016-05-11 -0.0296408519290363 0.000328364855978743 -0.000100446554382824 -0.0299692167850151 -0.0295404053746535
"12" 2016-05-12 0.00478702142556209 0.000471765905854141 -5.37239841787749e-05 0.00431525551970795 0.00484074540974086
"13" 2016-05-13 -0.011767960892124 0.000530717346203877 -3.25141604299572e-05 -0.0122986782383278 -0.011735446731694
"14" 2016-05-14 -0.0220786413690188 0.000591471803950444 -1.04877874005064e-05 -0.0226701131729693 -0.0220681535816183
"15" 2016-05-15 0.00154882639246168 0.000593504953647951 -7.46198033491108e-05 0.000955321438813727 0.00162344619581079
"16" 2016-05-16 0.00528594716487518 0.00132410591753799 -9.14878780046436e-05 0.00396184124733719 0.00537743504287983
"17" 2016-05-17 0.000157062205808245 0.001172633409834 -0.000190365297483595 -0.00101557120402575 0.00034742750329184
"18" 2016-05-18 -0.00154064283436206 0.00142363738794758 -0.000217344670309907 -0.00296428022230964 -0.00132329816405215
"19" 2016-05-19 -0.0158064882365068 0.00190144082162251 -0.000102000183735751 -0.0177079290581293 -0.015704488052771
"20" 2016-05-20 -0.015002910863041 0.00179363018797336 -0.000185687058285885 -0.0167965410510143 -0.0148172238047551
"21" 2016-05-21 -0.000275539679456926 0.00160190434322621 -0.000216195544861324 -0.00187744402268313 -5.93441345956023e-05
"22" 2016-05-22 0.0183370701951002 0.00153668383430478 -0.000204917767010796 0.0168003863607954 0.018541987962111
"23" 2016-05-23 -0.0298687606845718 0.00151643355085324 -0.000111977283082912 -0.031385194235425 -0.0297567834014889
"24" 2016-05-24 -0.00161434589847254 0.00181029021830237 -0.000153132472232962 -0.00342463611677491 -0.00146121342623957
"25" 2016-05-25 0.0333515612453361 0.00204406815978831 -9.09091875439206e-05 0.0313074930855478 0.03344247043288
"26" 2016-05-26 -0.0126337840386981 0.00195601653020282 -0.000238982554499266 -0.0145898005689009 -0.0123948014841988
"27" 2016-05-27 0.00499700413481108 0.00148915852860333 -0.000252904625065422 0.00350784560620775 0.0052499087598765
"28" 2016-05-28 0.00731940278211063 0.00200720293270297 -0.000202606925563902 0.00531219984940766 0.00752200970767453
"29" 2016-05-29 0.0186286170326202 0.00194298297884871 -0.000217258014610768 0.0166856340537715 0.018845875047231
"30" 2016-05-30 0.00727057446432511 0.00118960401807856 -0.000305719254023693 0.00608097044624655 0.0075762937183488
"31" 2016-05-31 -0.0041888973765829 0.00138882133930408 -0.000135524269800811 -0.00557771871588698 -0.00405337310678209
"32" 2016-06-01 -0.0209387981785429 0.00123697026907112 -0.000139844302574767 -0.0221757684476141 -0.0207989538759682
"33" 2016-06-02 0.0110013291988231 0.00104359945588274 -0.000134244439346255 0.00995772974294038 0.0111355736381694
"34" 2016-06-03 0.0192600442300996 0.000622305368580793 -0.000118605310598107 0.0186377388615188 0.0193786495406977
"35" 2016-06-04 0.00363194806283396 0.000464650217826456 -0.000258124091812973 0.0031672978450075 0.00389007215464693
"36" 2016-06-05 -0.0102926998819868 0.000556813231960095 -0.000108665916806682 -0.0108495131139469 -0.0101840339651801
"37" 2016-06-06 -0.0235228997446395 0.000988536481536031 -8.73347957166867e-05 -0.0245114362261755 -0.0234355649489228
"38" 2016-06-07 0.000745497190996147 0.000728771482427675 -7.26009469791334e-05 1.67257085684721e-05 0.000818098137975281
"39" 2016-06-08 -0.0224150345878211 0.000283708479738248 -0.000110682921497734 -0.0226987430675594 -0.0223043516663234
"40" 2016-06-09 0.0250202546492453 0.000219578029851845 -0.000249248535060065 0.0248006766193934 0.0252695031843054
"41" 2016-06-10 0.0287895962961962 0.000461863489658139 -0.000106069298330346 0.028327732806538 0.0288956655945265
"42" 2016-06-11 -0.00968484246220491 0.00100788773086562 -0.000154386687431158 -0.0106927301930705 -0.00953045577477375
"43" 2016-06-12 0.0144648446488507 0.000961009574626979 -0.00019364420541369 0.0135038350742237 0.0146584888542644
"44" 2016-06-13 -0.00293084169478597 0.00145910758816959 -9.74495338716283e-05 -0.00438994928295556 -0.00283339216091434
"45" 2016-06-14 -0.0224441591539044 0.000808195893252123 -6.45109683611512e-05 -0.0232523550471565 -0.0223796481855433
"46" 2016-06-15 0.00503784026515319 7.11581084152694e-05 -5.28057619975932e-05 0.00496668215673792 0.00509064602715079
"47" 2016-06-16 -0.0171906635550716 0.000336113323054156 -7.74046462822368e-05 -0.0175267768781258 -0.0171132589087894
"48" 2016-06-17 -0.0116324209754914 5.91295067919401e-06 -1.45533062363269e-05 -0.0116383339261706 -0.0116178676692551
"49" 2016-06-18 0.00681493870903438 0.000107602727457676 -0.000100040529013391 0.0067073359815767 0.00691497923804777
"50" 2016-06-19 0.0257490204480835 0.000688476729330155 -0.000101161474532537 0.0250605437187533 0.025850181922616
"51" 2016-06-20 -0.00126009096034707 0.000551789694964347 -1.56240343687292e-05 -0.00181188065531142 -0.00124446692597834
"52" 2016-06-21 0.0185018038524234 0.000987725033654278 -6.7687124019638e-06 0.0175140788187691 0.0185085725648254
"53" 2016-06-22 0.014368759260984 0.00125366539354239 2.64271877236463e-05 0.0131150938674416 0.0143423320732604
"54" 2016-06-23 0.0149044028870851 0.00103284911540319 -2.03524614500077e-05 0.0138715537716819 0.0149247553485351
"55" 2016-06-24 0.00604727442858 0.000328562084375534 -2.80772361798804e-05 0.00571871234420446 0.00607535166475988
"56" 2016-06-25 0.00810878406194249 0.000376343219173609 1.68826240879552e-05 0.00773244084276888 0.00809190143785453
"57" 2016-06-26 -0.00800559782442889 -8.6234712432954e-05 -4.66872991217415e-05 -0.00791936311199594 -0.00795891052530715
"58" 2016-06-27 -0.0133159719905898 -0.000417095865122621 -6.21723507638002e-05 -0.0128988761254671 -0.013253799639826
"59" 2016-06-28 -0.00153149011907594 -0.000725355681715418 -3.33032348667717e-05 -0.000806134437360522 -0.00149818688420917
"60" 2016-06-29 0.00466743541210413 -0.000791407435661607 -8.96746489513517e-05 0.00545884284776573 0.00475711006105548
"61" 2016-06-30 0.0172085601221461 -0.000892555407368706 9.730908057916e-06 0.0181011155295148 0.0171988292140882
"62" 2016-07-01 -0.00348104027799145 -0.000624125349859325 -2.32597305036979e-05 -0.00285691492813213 -0.00345778054748776
"63" 2016-07-02 0.009271285671133 -0.000224789903017598 -4.86976350264787e-05 0.0094960755741506 0.00931998330615948
"64" 2016-07-03 0.00731463265237231 -0.000138209447015757 1.88235757001912e-05 0.00745284209938807 0.00729580907667212
"65" 2016-07-04 0.0135341279323598 -0.000218692325940082 -9.83496969010182e-05 0.0137528202582998 0.0136324776292608
"66" 2016-07-05 0 -0.000619709137665792 6.30671818882821e-05 0.000619709137665792 -6.30671818882821e-05
"67" 2016-07-06 -0.0103655038199495 -0.000458837166751587 -6.96242975895864e-05 -0.00990666665319791 -0.0102958795223599
"68" 2016-07-07 -0.0150374643106375 -0.000631320382338191 -2.24506444295906e-05 -0.0144061439282993 -0.0150150136662079
"69" 2016-07-08 -0.00568232854100259 -0.000744028336378747 -2.78861430307316e-05 -0.00493830020462384 -0.00565444239797186
"70" 2016-07-09 0 -0.000995418901936703 7.33995088789308e-05 0.000995418901936703 -7.33995088789308e-05
"71" 2016-07-10 0 -0.000908035411165148 4.06082944751215e-05 0.000908035411165148 -4.06082944751215e-05
"72" 2016-07-11 -0.0114949693207205 -0.000577057553190806 7.25561061785649e-05 -0.0109179117675297 -0.011567525426899
"73" 2016-07-12 0.013082738851498 -0.000134466557595002 -5.45992952185115e-05 0.013217205409093 0.0131373381467165
"74" 2016-07-13 -0.00610766607733204 4.90409558438252e-05 9.91291423435799e-05 -0.00615670703317587 -0.00620679521967562
"75" 2016-07-14 -0.0142908391806618 7.88509029006236e-05 9.62182093839926e-05 -0.0143696900835624 -0.0143870573900458
"76" 2016-07-15 0.00629405879957368 0.000107686326697161 0.000112340303156428 0.00618637247287652 0.00618171849641725
"77" 2016-07-16 -0.0145134673197251 0.000433106035160686 0.000134178844726378 -0.0149465733548858 -0.0146476461644515
"78" 2016-07-17 -0.000633056033073842 0.000105222445959783 5.46913918731014e-05 -0.000738278479033625 -0.000687747424946944
"79" 2016-07-18 -0.00133727559112273 0.000289274296820455 8.81634960272568e-05 -0.00162654988794319 -0.00142543908714999
"80" 2016-07-19 0.00505536679317053 0.000675758534522351 3.94079620986352e-05 0.00437960825864818 0.0050159588310719
"81" 2016-07-20 -0.00101770220136643 0.000508749909772065 9.88939996448838e-05 -0.0015264521111385 -0.00111659620101132
"82" 2016-07-21 0.0119782767195851 0.000882566405805043 -1.93882550298188e-05 0.01109571031378 0.0119976649746149
"83" 2016-07-22 0.0187653283624876 0.000881904612427436 -8.02519917772738e-05 0.0178834237500601 0.0188455803542648
"84" 2016-07-23 -0.00142042566450051 0.000903671038161201 5.63094180769373e-05 -0.00232409670266171 -0.00147673508257745
"85" 2016-07-24 0.0045337019998577 0.000759808789828899 4.9338526986183e-05 0.0037738932100288 0.00448436347287151
"86" 2016-07-25 0.00249543608453706 0.000777445929004585 1.72014498732775e-05 0.00171799015553248 0.00247823463466378
"87" 2016-07-26 0.00309376414830531 0.000457448346106724 -0.000121072506098826 0.00263631580219859 0.00321483665440414
"88" 2016-07-27 0.00522458551460048 -2.87337095741714e-05 -6.45068329707857e-05 0.00525331922417465 0.00528909234757126
"89" 2016-07-28 -0.00904707199103605 4.49473685785774e-05 -4.57354935534717e-05 -0.00909201935961463 -0.00900133649748258
"90" 2016-07-29 -0.00729056134255401 -4.29927218160953e-05 3.24745952734004e-05 -0.00724756862073792 -0.00732303593782741
"91" 2016-07-30 0.00165971647178687 -7.41697660356072e-05 -3.61647710315246e-05 0.00173388623782247 0.00169588124281839
"92" 2016-07-31 0.0024142880907565 -0.000115860749680654 -6.08780953700211e-06 0.00253014884043715 0.0024203759002935
"93" 2016-08-01 0 -0.00021389600085181 1.85135422471962e-05 0.00021389600085181 -1.85135422471962e-05
"94" 2016-08-02 0.002096725430075 6.75428862726994e-05 7.06495743604581e-06 0.0020291825438023 0.00208966047263895
"95" 2016-08-03 -0.00691242297950545 0.000287821615315185 -6.48843712394524e-05 -0.00720024459482064 -0.006847538608266
"96" 2016-08-04 0 0.000261691810765396 3.20503046152368e-05 -0.000261691810765396 -3.20503046152368e-05
"97" 2016-08-05 -0.0200404511885086 0.000217322084241437 -0.000118221473922673 -0.02025777327275 -0.0199222297145859
"98" 2016-08-06 0.000230933549897117 0.000238268303046639 1.97853499165648e-05 -7.33475314952217e-06 0.000211148199980552
"99" 2016-08-07 0.00140355179272689 0.00020296447878645 2.64438173101262e-05 0.00120058731394044 0.00137710797541676
"100" 2016-08-08 -0.011498787215519 0.000407148341817802 -9.98379801430683e-05 -0.0119059355573368 -0.0113989492353759
"101" 2016-08-09 0.000771510662053387 0.000418854177426705 -4.54889489984219e-05 0.000352656484626683 0.000816999611051809
"102" 2016-08-10 0.0125617089179393 0.000953893631694111 5.54161085464358e-05 0.0116078152862452 0.0125062928093928
"103" 2016-08-11 0.00289338108723491 0.000928183219572417 5.57337049724101e-06 0.0019651978676625 0.00288780771673767
"104" 2016-08-12 -0.0142678476928921 0.000873495838727137 7.13705413218461e-05 -0.0151413435316193 -0.014339218234214
"105" 2016-08-13 0.00469902386228682 0.00115921709226896 6.59966391819508e-05 0.00353980677001786 0.00463302722310487
"106" 2016-08-14 0.018660286125975 0.00110670401561443 3.77327798638306e-05 0.0175535821103606 0.0186225533461112
"107" 2016-08-15 0.00291500461345784 0.000757254162044604 6.87059486628105e-05 0.00215775045141323 0.00284629866479503
"108" 2016-08-16 0.00522478988421327 0.000674552544781993 -1.31483761649e-05 0.00455023733943127 0.00523793826037817
"109" 2016-08-17 -0.00696318575583277 0.00104775807509109 6.87731290467822e-05 -0.00801094383092386 -0.00703195888487955
"110" 2016-08-18 0.00471004729362789 0.000899214048634421 -9.71092404856322e-05 0.00381083324499347 0.00480715653411353
"111" 2016-08-19 0.000139250954727999 0.000388945200083225 -5.42005342212235e-05 -0.000249694245355226 0.000193451488949222
"112" 2016-08-20 0.0105981753266917 0.000324376524123254 0.000121579873228051 0.0102737988025685 0.0104765954534637
"113" 2016-08-21 0.0146368687833842 0.000199802308730798 1.34379102731931e-06 0.0144370664746534 0.0146355249923569
"114" 2016-08-22 0.00227054477687183 0.000409044440549012 5.51584056180211e-05 0.00186150033632282 0.00221538637125381
"115" 2016-08-23 0.00488043733293431 0.000292632064823019 2.56006157937083e-05 0.00458780526811129 0.0048548367171406
"116" 2016-08-24 0.00782909626977357 0.000306005986613627 -9.49966822068025e-05 0.00752309028315994 0.00792409295198038
"117" 2016-08-25 -0.00982172800487646 3.91832127866455e-05 7.67649327718926e-05 -0.00986091121766311 -0.00989849293764835
"118" 2016-08-26 -0.00971938492948432 -0.000319022763257783 -3.20227824626843e-05 -0.00940036216622654 -0.00968736214702164
"119" 2016-08-27 0.00352817725646482 -0.000326961322906981 4.73680960247275e-05 0.0038551385793718 0.00348080916044009
"120" 2016-08-28 0.00847004897621417 -0.000405671092984242 5.34833072283482e-05 0.00887572006919841 0.00841656566898582
"121" 2016-08-29 -0.00544618404203057 -0.00055540283909027 -1.35052677694304e-06 -0.0048907812029403 -0.00544483351525362
"122" 2016-08-30 0.00481499973086663 -0.000236633753264712 -7.41174543889842e-06 0.00505163348413134 0.00482241147630553
"123" 2016-08-31 -0.00703776761619501 6.39589590388885e-05 5.26497747496715e-06 -0.0071017265752339 -0.00704303259366998
"124" 2016-09-01 -0.0113746516857951 -2.59697462426736e-06 -1.50365615997572e-05 -0.0113720547111708 -0.0113596151241953
"125" 2016-09-02 -0.00315144107301712 -0.000193112246529644 5.34484196780679e-05 -0.00295832882648748 -0.00320488949269519
"126" 2016-09-03 -0.0127665465390354 -4.30977001217569e-06 5.57446485798716e-05 -0.0127622367690232 -0.0128222911876153
"127" 2016-09-04 -0.0225345028015838 -0.000101529529254952 -3.05449873391638e-05 -0.0224329732723288 -0.0225039578142446
"128" 2016-09-05 0.0142843762340945 0.000125467883518694 -8.40381573097821e-05 0.0141589083505758 0.0143684143914043
"129" 2016-09-06 0 0.000454587129358017 3.44910735624012e-05 -0.000454587129358017 -3.44910735624012e-05
"130" 2016-09-07 0.0018846499077334 0.000545792860808572 4.46340627919966e-05 0.00133885704692483 0.00184001584494141
"131" 2016-09-08 0.0188649130482936 0.000891335684390443 -1.12011091827615e-05 0.0179735773639032 0.0188761141574764
"132" 2016-09-09 -0.00220361420857351 0.00146587758590901 -5.66309279023999e-05 -0.00366949179448252 -0.00214698328067111
"133" 2016-09-10 0.0119339555824887 0.00104861811022559 -0.000119164294558324 0.0108853374722631 0.012053119877047
"134" 2016-09-11 -0.000457184953811307 0.00103025554260962 8.56545298727043e-06 -0.00148744049642093 -0.000465750406798577
"135" 2016-09-12 -0.040492752886701 0.000957380971378709 5.50231173605063e-05 -0.0414501338580797 -0.0405477760040615
"136" 2016-09-13 -0.0318294628461633 0.000434175725728367 2.56597194638609e-05 -0.0322636385718916 -0.0318551225656271
"137" 2016-09-14 0.0216118481790133 0.000507326252258556 4.25163153334359e-05 0.0211045219267547 0.0215693318636799
"138" 2016-09-15 0.0137677813973944 0.000187983310716269 2.21796778110839e-05 0.0135797980866782 0.0137456017195833
"139" 2016-09-16 0.00527443198972577 0.000225619687557281 -6.47485217437986e-05 0.00504881230216849 0.00533918051146957
"140" 2016-09-17 0.000896403304514237 0.00136119152951018 -0.000252940962304067 -0.000464788224995945 0.0011493442668183
"141" 2016-09-18 0.000259443900622713 0.00219185809342195 -6.06566986050224e-05 -0.00193241419279923 0.000320100599227736
"142" 2016-09-19 -0.0152490284695599 0.00152525427596561 -4.63001613434857e-05 -0.0167742827455255 -0.0152027283082164
"143" 2016-09-20 -0.0184729764300027 0.00110738510205342 -4.29109493437893e-05 -0.0195803615320561 -0.0184300654806589
"144" 2016-09-21 0.00674800651394492 0.000717840674418259 -6.77460095212829e-05 0.00603016583952666 0.0068157525234662
"145" 2016-09-22 0.00263298889406727 0.000888993492955772 -0.000126012433035253 0.0017439954011115 0.00275900132710252
"146" 2016-09-23 0.0168358611798709 0.00086650718797552 -5.41108663481509e-05 0.0159693539918954 0.0168899720462191
"147" 2016-09-24 0.00814217338928636 0.00129131048145257 -9.76634481466018e-05 0.00685086290783378 0.00823983683743296
"148" 2016-09-25 0.00501100241917563 0.00146396529989682 -7.49088795340638e-05 0.00354703711927881 0.00508591129870969
"149" 2016-09-26 -0.000317410006179131 0.00186260129746063 -0.000188894397736739 -0.00218001130363976 -0.000128515608442392
"150" 2016-09-27 0.00390088304318859 0.00139504443909931 -0.000220721847706111 0.00250583860408928 0.0041216048908947
"151" 2016-09-28 -0.000493293978864884 0.00150431025705387 -3.95898574214474e-05 -0.00199760423591875 -0.000453704121443436
"152" 2016-09-29 -0.00468797474318805 0.000624409039520174 -7.52217718315286e-05 -0.00531238378270822 -0.00461275297135652
"153" 2016-09-30 -0.000295406879674331 0.00103163228088862 -0.000188726090139741 -0.00132703916056295 -0.000106680789534591
"154" 2016-10-01 0.00155785556169796 0.000502294507379404 -8.59532253124528e-05 0.00105556105431856 0.00164380878701042
"155" 2016-10-02 0.00027182985088281 0.000397083207541427 -0.000136879016418648 -0.000125253356658617 0.000408708867301458
"156" 2016-10-03 0.00558937685939576 0.000424750471485783 -0.000106051818565813 0.00516462638790997 0.00569542867796157
"157" 2016-10-04 0.00522110249526087 0.000565167076317729 -0.000159691763504993 0.00465593541894314 0.00538079425876586
"158" 2016-10-05 0.00183061829294395 0.000576191532205556 -0.000274921144905046 0.0012544267607384 0.002105539437849
"159" 2016-10-06 -0.0103802986548835 0.00101168509551349 -0.000405647564746018 -0.011391983750397 -0.00997465109013753
"160" 2016-10-07 -0.0102598247427554 0.000529576786946639 -0.000183954874531378 -0.0107894015297021 -0.0100758698682241
"161" 2016-10-08 0.00506853322409917 0.00037311064447838 -0.000155863723176502 0.00469542257962079 0.00522439694727567
"162" 2016-10-09 -0.0128719268141548 -0.000211640052519372 -0.000313168323310374 -0.0126602867616355 -0.0125587584908445
"163" 2016-10-10 0 0.000206670748507765 -0.000278153543350931 -0.000206670748507765 0.000278153543350931
"164" 2016-10-11 -0.000578530984393311 0.00053069655143704 -0.000228386967494507 -0.00110922753583035 -0.000350144016898803
"165" 2016-10-12 -0.00324421065421454 0.00124565894908503 -0.000210798557103138 -0.00448986960329957 -0.0030334120971114
"166" 2016-10-13 0.00274840570958013 0.000323984676526314 -0.00025603572429239 0.00242442103305381 0.00300444143387252
"167" 2016-10-14 0 0.00104496788372035 -0.0003529012935468 -0.00104496788372035 0.0003529012935468
"168" 2016-10-15 -0.00835350579283656 0.00100050679294488 -0.000275150307083224 -0.00935401258578144 -0.00807835548575333
"169" 2016-10-16 0.00162899910604786 0.000989052773153524 -0.000192581716376733 0.000639946332894333 0.00182158082242459
"170" 2016-10-17 0.0109460219093389 0.00106697632295416 -0.000236745733942362 0.00987904558638475 0.0111827676432813
"171" 2016-10-18 -0.00877519968910434 0.00107354817217048 -0.000384933269343577 -0.00984874786127482 -0.00839026641976076
"172" 2016-10-19 0.00196170332352885 0.000944130885578965 -0.000348908606692327 0.00101757243794989 0.00231061193022118
"173" 2016-10-20 -0.000133510142672932 0.00109187727776695 -0.000116546871142603 -0.00122538742043988 -1.69632715303295e-05
"174" 2016-10-21 0.0148028283185617 0.00110599564994807 -0.000248714610259279 0.0136968326686137 0.015051542928821
"175" 2016-10-22 -0.00405958140588325 0.000878866247151669 -0.000201615790871694 -0.00493844765303492 -0.00385796561501156
"176" 2016-10-23 0.00256770514020133 0.000633650292712552 -0.000278118501858527 0.00193405484748877 0.00284582364205985
"177" 2016-10-24 0.0031339063482072 0.000975232189121116 -0.000118439567632139 0.00215867415908609 0.00325234591583934
"178" 2016-10-25 0.0154681845648863 0.000885509390227827 -0.000103110719789363 0.0145826751746585 0.0155712952846757
"179" 2016-10-26 -0.00211476165448943 0.000446707682469043 -0.000202136642405772 -0.00256146933695847 -0.00191262501208366
"180" 2016-10-27 0.00100805512055224 0.00057843465489069 -0.000153701868506084 0.000429620465661553 0.00116175698905833
"181" 2016-10-28 0.00225610216141092 0.000502930261146519 -0.000121278499396408 0.0017531719002644 0.00237738066080733
"182" 2016-10-29 -0.00199100454636714 -0.000271916058030143 -0.000145168973775937 -0.00171908848833699 -0.0018458355725912
"183" 2016-10-30 -0.0119926014163436 -1.49380304262491e-05 -0.000117361503374063 -0.0119776633859174 -0.0118752399129696
"184" 2016-10-31 -0.00199329460635944 -0.000867355025324382 -6.63526963366731e-05 -0.00112593958103506 -0.00192694191002277
"185" 2016-11-01 0.0172584675280376 8.30713721465783e-05 -8.57161624119612e-05 0.017175396155891 0.0173441836904496
"186" 2016-11-02 0.00225557825766387 4.73121294287667e-05 -0.000269746479216713 0.0022082661282351 0.00252532473688058
"187" 2016-11-03 -0.00149372242522006 0.000135412913958615 -0.000256461160233421 -0.00162913533917867 -0.00123726126498663
"188" 2016-11-04 -0.0049331814507898 -0.000513646062373227 -0.000146738921193598 -0.00441953538841658 -0.0047864425295962
"189" 2016-11-05 -0.00403531604994711 0.000563624303196604 -7.70963539860231e-05 -0.00459894035314372 -0.00395821969596109
"190" 2016-11-06 0.00313339975366311 6.0002571360486e-05 -4.50709065899386e-05 0.00307339718230263 0.00317847066025305
"191" 2016-11-07 -0.00947776171814851 3.32495224336202e-05 -6.90176259864987e-05 -0.00951101124058213 -0.00940874409216202
"192" 2016-11-08 -0.000412664974618338 0.000106783952271116 -4.78014921920689e-05 -0.000519448926889453 -0.000364863482426269
"193" 2016-11-09 -0.00628443157211933 0.000762829465791348 -6.06536763260605e-05 -0.00704726103791068 -0.00622377789579327
"194" 2016-11-10 -0.00592443202168269 -0.000134043559885024 -0.000204159708705829 -0.00579038846179767 -0.00572027231297686
"195" 2016-11-11 -0.00621130231416345 0.000935321527870835 -9.03579886146141e-05 -0.00714662384203428 -0.00612094432554883
"196" 2016-11-12 0.0014479815310775 0.000624025474421279 -0.000158418292707433 0.000823956056656223 0.00160639982378494
"197" 2016-11-13 -0.0139795149241007 0.00134818178336123 -0.000126673720237696 -0.0153276967074619 -0.013852841203863
"198" 2016-11-14 -0.01301184660697 0.000812464194130564 -0.000204215259012843 -0.0138243108011005 -0.0128076313479571
"199" 2016-11-15 0.0228366831562141 0.000968023484777839 -0.000203546323596846 0.0218686596714363 0.023040229479811
"200" 2016-11-16 0.00292348861041525 0.000301565689773047 -0.000145799369351369 0.0026219229206422 0.00306928797976662
"201" 2016-11-17 -0.0105376680235381 0.00105286821127807 -0.000285618470889567 -0.0115905362348161 -0.0102520495526485
"202" 2016-11-18 -0.0126853402869589 0.0014309927830659 -0.000126104912110013 -0.0141163330700248 -0.0125592353748489
"203" 2016-11-19 0.0186799366205488 0.00174478077640351 -9.09531544852973e-05 0.0169351558441453 0.0187708897750341
"204" 2016-11-20 0.0188579637309552 0.00102453583973987 -0.000224700174789267 0.0178334278912153 0.0190826639057444
"205" 2016-11-21 -0.0146371254204389 0.000929788572887253 -0.000267228533346158 -0.0155669139933262 -0.0143698968870928
"206" 2016-11-22 -0.00703505380633906 0.00061422526301486 -9.91028493555929e-05 -0.00764927906935392 -0.00693595095698347
"207" 2016-11-23 0.00807885412601905 0.00151556931777793 -0.000130067582598505 0.00656328480824113 0.00820892170861756
"208" 2016-11-24 -0.00362519152214524 0.00105508143260638 -0.000223715598855909 -0.00468027295475162 -0.00340147592328933
"209" 2016-11-25 -0.00569725430798762 0.000252124887000786 -0.000128490744894979 -0.00594937919498841 -0.00556876356309264
"210" 2016-11-26 0.00135376774758633 0.0002506868888361 -0.000109682332510012 0.00110308085875023 0.00146345008009634
"211" 2016-11-27 0.00013321477755035 0.00135961221140161 -0.000265471655515365 -0.00122639743385126 0.000398686433065715
"212" 2016-11-28 0.00613388782050173 0.000760559573731204 -0.000326841865748849 0.00537332824677052 0.00646072968625058
"213" 2016-11-29 -0.00767658643333924 0.000925147444941957 -0.000265181240176176 -0.0086017338782812 -0.00741140519316306
"214" 2016-11-30 -0.0234202521150415 0.000746157360452116 -0.00013438961484613 -0.0241664094754936 -0.0232858625001954
"215" 2016-12-01 0.0147261329521058 0.0011563270998302 -7.35399312423917e-05 0.0135698058522756 0.0147996728833482
"216" 2016-12-02 -0.00912056651830184 0.000608263317774162 -0.000166588718692197 -0.009728829836076 -0.00895397779960965
"217" 2016-12-03 0.00653115340869981 0.00104227107974404 -5.01684816999803e-05 0.00548888232895577 0.00658132189039979
"218" 2016-12-04 0.00886521751930403 0.000383769187145033 -8.44945341883003e-05 0.00848144833215899 0.00894971205349233
"219" 2016-12-05 -0.00164354824197765 0.00150252720490173 -0.00017080858489211 -0.00314607544687938 -0.00147273965708554
"220" 2016-12-06 0.00451571446529719 0.00134616431499526 -0.000221596111018866 0.00316955015030193 0.00473731057631606
"221" 2016-12-07 0.00144695396700811 0.00078952441762129 -0.000317734841966803 0.000657429549386823 0.00176468880897492
"222" 2016-12-08 0.00149043796245785 0.00162343406355106 -0.000142787269206378 -0.000132996101093215 0.00163322523166422
"223" 2016-12-09 -0.00422358058944994 0.000372533043028057 -0.000340768469947177 -0.004596113632478 -0.00388281211950276
"224" 2016-12-10 -0.00937573760949206 0.00112471550694475 -0.000216147280020868 -0.0105004531164368 -0.0091595903294712
"225" 2016-12-11 -0.0063640818165922 0.000406294314281889 -0.000313716530212286 -0.00677037613087409 -0.00605036528637992
"226" 2016-12-12 -0.00653886576150775 0.000884888124443814 -0.000410886898064723 -0.00742375388595156 -0.00612797886344303
"227" 2016-12-13 0.00961055110671438 0.000329167945137806 -0.000246233659483848 0.00928138316157658 0.00985678476619823
"228" 2016-12-14 -0.0138004284019004 0.000800362184061482 -0.000278930676401583 -0.0146007905859619 -0.0135214977254989
"229" 2016-12-15 -0.00281058557228064 0.000601210029400734 -0.000280846430839692 -0.00341179560168138 -0.00252973914144095
"230" 2016-12-16 -0.0111031533799668 0.00123756002049528 -0.000298262940495577 -0.0123407134004621 -0.0108048904394712
"231" 2016-12-17 0.0140843629712304 0.000895767114699625 -0.000506895416510133 0.0131885958565308 0.0145912583877405
"232" 2016-12-18 0.00810907255261917 0.00139224726421785 -0.000328215775503322 0.00671682528840132 0.00843728832812249
"233" 2016-12-19 0.00664037889530533 0.000528400349153738 -0.000311610142715863 0.00611197854615159 0.0069519890380212
"234" 2016-12-20 0.0118128313634625 0.00198172813316397 -0.000499205512498948 0.00983110323029848 0.0123120368759614
"235" 2016-12-21 -0.0230824828053464 0.000646758198201708 -0.000457041029015093 -0.0237292410035481 -0.0226254417763313
"236" 2016-12-22 -0.0121076009518202 0.00225118896124082 -0.000467623244948479 -0.014358789913061 -0.0116399777068717
"237" 2016-12-23 -0.00873653962707621 -9.20696044628435e-05 -0.000361539598141234 -0.00864447002261337 -0.00837500002893498
"238" 2016-12-24 0.0116357396229478 0.00166979777117094 -0.000455218394039306 0.0099659418517769 0.0120909580169871
"239" 2016-12-25 0.0131967411231653 -0.000434061043238694 -0.000297009301679294 0.013630802166404 0.0134937504248446
"240" 2016-12-26 0.00102027398758331 0.000982999253650331 -0.000439271976686381 3.72747339329783e-05 0.00145954596426969
"241" 2016-12-27 -0.00105808191133683 0.000721190821175762 -0.000350193645445455 -0.00177927273251259 -0.000707888265891373
"242" 2016-12-28 0.00913321215625906 0.0017286315873709 -0.000330012312747397 0.00740458056888816 0.00946322446900646
"243" 2016-12-29 -0.0112391278539548 0.000975083677936863 -0.000456779326627448 -0.0122142115318916 -0.0107823485273273
"244" 2016-12-30 0.000120690914798161 0.000992047341731818 -0.000250905648717987 -0.000871356426933657 0.000371596563516148
"245" 2016-12-31 0.00286462463902559 0.000308645610453446 -0.000268855423553673 0.00255597902857215 0.00313348006257927
"246" 2017-01-01 -0.013475778294529 0.000898062986853461 -0.000443694313052487 -0.0143738412813824 -0.0130320839814765
"247" 2017-01-02 -0.000325385469421846 0.000259033877068685 -0.000380423604663503 -0.000584419346490532 5.50381352416572e-05
"248" 2017-01-03 0.00203221042160884 0.000526535468533015 -0.0002305312038088 0.00150567495307582 0.00226274162541764
"249" 2017-01-04 -0.00640639921939012 0.00083730372109524 -0.000261912278986989 -0.00724370294048536 -0.00614448694040313
"250" 2017-01-05 -0.0136896193252412 0.000588250397094107 -0.000210698831720252 -0.0142778697223353 -0.0134789204935209
"251" 2017-01-06 0.00860975432859412 0.0007152157268567 -0.000333252081667934 0.00789453860173742 0.00894300641026206
"252" 2017-01-07 -0.0179898982119209 0.00106756560182313 -0.000316332510516178 -0.019057463813744 -0.0176735657014047
"253" 2017-01-08 0.0118293770725302 0.000917380481515236 -0.000475714667993167 0.0109119965910149 0.0123050917405233
"254" 2017-01-09 0.022205923736232 0.000990465384546406 -0.000300274410661644 0.0212154583516856 0.0225061981468936
"255" 2017-01-10 0.00747172029036491 0.00106451690624288 -0.00043872105541093 0.00640720338412204 0.00791044134577584
"256" 2017-01-11 -0.00743891233242877 0.00148348702086021 -0.00027858207159602 -0.00892239935328898 -0.00716033026083275
"257" 2017-01-12 0.00631707727475295 0.000646256773855339 -0.0002874527995145 0.00567082050089761 0.00660453007426745
"258" 2017-01-13 -0.0026968236192797 0.00210414892682413 -0.000331029335967071 -0.00480097254610383 -0.00236579428331263
"259" 2017-01-14 -0.020327939078097 -0.000116410623758417 -0.000333149206479915 -0.0202115284543386 -0.0199947898716171
"260" 2017-01-15 0 0.00093965434799986 -0.000355202680620455 -0.00093965434799986 0.000355202680620455
"261" 2017-01-16 0.00385931020533015 -0.000342937619203696 -0.000335551216118995 0.00420224782453384 0.00419486142144914
"262" 2017-01-17 0.00971126235022446 0.00124428337094592 -0.000461565849128746 0.00846697897927854 0.0101728281993532
"263" 2017-01-18 -0.00437568595740601 -0.000556501171438362 -0.000390463242422413 -0.00381918478596764 -0.00398522271498359
"264" 2017-01-19 -0.00644529860513465 0.00144884593361383 -0.000560053195369282 -0.00789414453874848 -0.00588524540976537
"265" 2017-01-20 -0.00983493719462025 0.000406976348943796 -0.000601012979310205 -0.010241913543564 -0.00923392421531005
"266" 2017-01-21 0 0.00132009901385033 -0.000465936323720833 -0.00132009901385033 0.000465936323720833
"267" 2017-01-22 0 0.000173003195543595 -0.000572075812506858 -0.000173003195543595 0.000572075812506858
"268" 2017-01-23 0.0189939323401571 0.000827447501827899 -0.000553412317045807 0.0181664848383292 0.0195473446572029
"269" 2017-01-24 0.00672991305373039 0.000398860046992928 -0.000413152512646208 0.00633105300673746 0.00714306556637659
"270" 2017-01-25 -0.00171485191034648 0.00112243640038211 -0.000415506146079534 -0.00283728831072859 -0.00129934576426695
"271" 2017-01-26 0 0.000826032599786183 -0.000300513744302658 -0.000826032599786183 0.000300513744302658
"272" 2017-01-27 0.00815015301061983 0.00106506400301275 -0.000537341153382327 0.00708508900760708 0.00868749416400216
"273" 2017-01-28 -0.0067564270999565 0.000667659535556134 -0.000425865091514193 -0.00742408663551263 -0.0063305620084423
"274" 2017-01-29 -0.00641977552919748 8.77553063590923e-05 -0.000538601559632553 -0.00650753083555657 -0.00588117396956493
"275" 2017-01-30 0.0175773583197891 0.00033242275511179 -0.000412110843641473 0.0172449355646773 0.0179894691634306
"276" 2017-01-31 -0.00338024200284615 0.000190907511530156 -0.000507298002485585 -0.0035711495143763 -0.00287294400036056
"277" 2017-02-01 0.0159716769504303 0.000320344874227838 -0.000543833543324758 0.0156513320762025 0.0165155104937551
"278" 2017-02-02 0.0159936564347607 -0.000112014758969308 -0.000381903484202885 0.01610567119373 0.0163755599189636
"279" 2017-02-03 -0.000555836063231396 0.000708976056461437 -0.000654652596680594 -0.00126481211969283 9.88165334491973e-05
"280" 2017-02-04 0.00756098665222993 0.000117662111976103 -0.000579603275318689 0.00744332454025383 0.00814058992754862
"281" 2017-02-05 0.00575497679927039 -0.000111319940972831 -0.000317608318998514 0.00586629674024323 0.00607258511826891
"282" 2017-02-06 -0.00623678046958176 0.000225764562630554 -0.000439896719116965 -0.00646254503221231 -0.00579688375046479
"283" 2017-02-07 0.00148743670988161 -0.000904923952249417 -0.000302033589579784 0.00239236066213102 0.00178947029946139
"284" 2017-02-08 -0.000240739135369594 -0.000445311694487105 -0.000313891921501434 0.000204572559117511 7.31527861318394e-05
"285" 2017-02-09 -0.00700152310727375 -0.000747921629313175 -0.000397699024824632 -0.00625360147796058 -0.00660382408244912
"286" 2017-02-10 0.00991966552583001 -0.000878099505917348 -0.000557282286603161 0.0107977650317474 0.0104769478124332
"287" 2017-02-11 0.00484860078482541 -0.000819942142968053 -0.000575185886556594 0.00566854292779346 0.005423786671382
"288" 2017-02-12 -0.00207201269033064 -0.00024804600503808 -0.000457752131137644 -0.00182396668529256 -0.00161426055919299
"289" 2017-02-13 0.00283772326742771 -0.000746136805169367 -0.000222243515330724 0.00358386007259707 0.00305996678275843
"290" 2017-02-14 -0.00757179507331607 -0.000114239060679086 -0.000471650688681172 -0.00745755601263698 -0.0071001443846349
"291" 2017-02-15 -0.00641273243846285 -0.000348269506596741 -0.000584960817723813 -0.00606446293186611 -0.00582777162073904
"292" 2017-02-16 0.00167617380099294 -0.000501017763245788 -0.000456371206260788 0.00217719156423873 0.00213254500725373
"293" 2017-02-17 0.00616727116596927 -0.000446137370508712 -0.000443710245224778 0.00661340853647798 0.00661098141119405
"294" 2017-02-18 -0.00762101378450808 -0.000304479380391751 -0.000386029319918291 -0.00731653440411633 -0.00723498446458979
"295" 2017-02-19 -0.00973741679212026 -0.000414914832110154 -0.000353129976904125 -0.0093225019600101 -0.00938428681521613
"296" 2017-02-20 -0.00140176148680737 0.000206042107237358 -0.00041601256730083 -0.00160780359404473 -0.000985748919506544
"297" 2017-02-21 0.000285050304050571 -2.05142139779475e-05 -0.000341932780361274 0.000305564518028519 0.000626983084411845
"298" 2017-02-22 -0.00983396858954499 0.000127354856487885 -0.000419202548699618 -0.00996132344603288 -0.00941476604084538
"299" 2017-02-23 0.0020085360611084 -0.000223251400148633 -0.000233924588227977 0.00223178746125703 0.00224246064933638
"300" 2017-02-24 0.0163837422286122 0.000596248933488157 -0.000230478649421378 0.015787493295124 0.0166142208780335
"301" 2017-02-25 0.0040349625980749 0.00051079802878966 -0.000234100808445168 0.00352416456928524 0.00426906340652007
"302" 2017-02-26 -0.0110426822348568 0.000667565599327031 -0.000262517305679597 -0.0117102478341839 -0.0107801649291772
"303" 2017-02-27 -0.000584933156090983 0.000392433279381522 -0.00029777028963495 -0.000977366435472505 -0.000287162866456033
"304" 2017-02-28 0.00164473413678223 0.00109648617169764 1.94033451926814e-05 0.000548247965084598 0.00162533079158955
"305" 2017-03-01 -0.00907315393265762 0.000168287611206174 -0.000122503661695865 -0.00924144154386379 -0.00895065027096175
"306" 2017-03-02 0.00952901989573895 0.000258611781028888 -0.000163703350848081 0.00927040811471007 0.00969272324658704
"307" 2017-03-03 0.00109331898179299 9.55476994392609e-05 0.000146282116390296 0.000997771282353729 0.000947036865402694
"308" 2017-03-04 -0.0106449682710732 0.000822788402218336 4.01521706206645e-05 -0.0114677566732915 -0.0106851204416939
"309" 2017-03-05 0.000717900832999163 0.000461981537451019 -0.000206078360684789 0.000255919295548145 0.000923979193683952
"310" 2017-03-06 -0.0117180639538716 0.000778151151088261 -0.00028958208310063 -0.0124962151049599 -0.011428481870771
"311" 2017-03-07 -0.00264500802541789 0.000535815702048628 -0.000448059553635668 -0.00318082372746652 -0.00219694847178223
"312" 2017-03-08 -0.0074808925341241 0.000292937723671872 -0.000578329138214901 -0.00777383025779597 -0.00690256339590919
"313" 2017-03-09 0.012285945908868 0.000548570904370477 -0.000619795846960472 0.0117373750044975 0.0129057417558285
"314" 2017-03-10 0.00357464776360317 0.000816672548573231 -0.000461053922931018 0.00275797521502994 0.00403570168653418
"315" 2017-03-11 -0.00448403177966661 0.00102627311467936 -0.000606505163085513 -0.00551030489434596 -0.0038775266165811
"316" 2017-03-12 -0.00473920274913375 0.00135195726035939 -0.00061095069508823 -0.00609116000949315 -0.00412825205404552
"317" 2017-03-13 -0.00191357993376329 0.000710840071832111 -0.000684079783345146 -0.0026244200055954 -0.00122950015041814
"318" 2017-03-14 -0.000315338301058787 0.00153954325434388 -0.000650260799367915 -0.00185488155540267 0.000334922498309128
"319" 2017-03-15 -0.00845501443146901 5.30321582351166e-05 -0.00051573451660139 -0.00850804658970413 -0.00793927991486762
"320" 2017-03-16 0.00795766959720368 0.00132043409493521 -0.000776402009988738 0.00663723550226847 0.00873407160719241
"321" 2017-03-17 0.012160016308739 0.000316264818333743 -0.000707051911024553 0.0118437514904052 0.0128670682197635
"322" 2017-03-18 -0.00433056326972903 0.00148466257377823 -0.000818521052718082 -0.00581522584350725 -0.00351204221701094
"323" 2017-03-19 6.7183155863404e-05 0.000961965500865894 -0.000778660372435527 -0.00089478234500249 0.000845843528298931
"324" 2017-03-20 0.0192417290598836 0.00146054833021342 -0.000936773427792316 0.0177811807296702 0.020178502487676
"325" 2017-03-21 -0.00470669510770172 0.000713549107799775 -0.000926124559010462 -0.00542024421550149 -0.00378057054869126
"326" 2017-03-22 0.00436724951685719 0.000927767174830913 -0.000930798118960023 0.00343948234202627 0.00529804763581721
"327" 2017-03-23 0 0.000142432551864525 -0.000956736014874556 -0.000142432551864525 0.000956736014874556
"328" 2017-03-24 -0.0144297665742741 0.00109198883987523 -0.000781705717268549 -0.0155217554141493 -0.0136480608570055
"329" 2017-03-25 -0.000233888270923188 2.22709049293031e-05 -0.000839088654727838 -0.000256159175852491 0.00060520038380465
"330" 2017-03-26 -0.00408076597185847 0.000189013795465699 -0.00099271300742722 -0.00426977976732417 -0.00308805296443125
"331" 2017-03-27 -3.80638913650699e-05 0.000298877017139441 -0.000825447597362398 -0.000336940908504511 0.000787383705997328
"332" 2017-03-28 0.0123384536497841 0.000160916968505545 -0.00071355061460136 0.0121775366812786 0.0130520042643855
"333" 2017-03-29 0.00417855155629887 0.00039958377316181 -0.000907652383413229 0.00377896778313706 0.0050862039397121
"334" 2017-03-30 -0.00406731236150648 0.000728560631666517 -0.000826679287321925 -0.004795872993173 -0.00324063307418456
"335" 2017-03-31 -0.00117803861366461 0.000445599904529465 -0.000912927660408828 -0.00162363851819408 -0.000265110953255784
"336" 2017-04-01 0.00868401008656505 0.000899018045390594 -0.000879423113680232 0.00778499204117446 0.00956343320024529
"337" 2017-04-02 0.00407062285686521 0.000358355536411623 -0.000736056162274984 0.00371226732045359 0.0048066790191402
"338" 2017-04-03 0.00876902502789179 0.000246262508583041 -0.00071118956881336 0.00852276251930875 0.00948021459670515
"339" 2017-04-04 0.000438691752426834 0.000188462213081418 -0.000883633870246191 0.000250229539345416 0.00132232562267302
"340" 2017-04-05 -0.00184423400870237 0.000495236091403436 -0.000839959866325312 -0.00233947010010581 -0.00100427414237706
"341" 2017-04-06 0.00729587166335754 0.000224336779082987 -0.00102011997130813 0.00707153488427456 0.00831599163466568
"342" 2017-04-07 0.00719148607257836 5.07050738756847e-05 -0.0010114130896978 0.00714078099870267 0.00820289916227616
"343" 2017-04-08 -0.000221379176053915 1.73391259961401e-05 -0.000945642295006731 -0.000238718302050055 0.000724263118952816
"344" 2017-04-09 -0.00219934027094304 -0.000308997250200632 -0.00091537048492751 -0.00189034302074241 -0.00128396978601553
"345" 2017-04-10 0 7.88175083611758e-05 -0.000956485365472859 -7.88175083611758e-05 0.000956485365472859
"346" 2017-04-11 0 -0.000230756648223035 -0.000947442466878509 0.000230756648223035 0.000947442466878509
"347" 2017-04-12 -0.0166733021733521 -0.000257708693631014 -0.00104434251077115 -0.016415593479721 -0.0156289596625809
"348" 2017-04-13 -0.00220982797365288 -0.000442827424135605 -0.000816571462882274 -0.00176700054951727 -0.0013932565107706
"349" 2017-04-14 -0.000795344425061018 -0.000130167333568128 -0.000796294207297477 -0.00066517709149289 9.49782236459398e-07
"350" 2017-04-15 -0.00514246794682727 -0.000230374760389606 -0.000878896756649049 -0.00491209318643766 -0.00426357119017822
"351" 2017-04-16 0.0149846443568045 -6.16133776469939e-05 -0.000796176802264665 0.0150462577344515 0.0157808211590691
"352" 2017-04-17 0.00726613545478472 -5.57454752939053e-05 -0.00077520618927634 0.00732188093007862 0.00804134164406106
"353" 2017-04-18 0.00983205190485847 0.000829928010012161 -0.000793004874357878 0.00900212389484631 0.0106250567792164
"354" 2017-04-19 0 0.000113777952837105 -0.000816909835767755 -0.000113777952837105 0.000816909835767755
"355" 2017-04-20 0.00185591260568607 0.000868357777769141 -0.000818449058363535 0.000987554827916931 0.00267436166404961
"356" 2017-04-21 0 0.000284477225243576 -0.000802691980393879 -0.000284477225243576 0.000802691980393879
"357" 2017-04-22 0.00142489328388073 8.95330411186309e-05 -0.000788658443007166 0.0013353602427621 0.0022135517268879
"358" 2017-04-23 -0.00469844918039897 -8.94995874802596e-05 -0.000852690039083369 -0.00460894959291871 -0.0038457591413156
"359" 2017-04-24 -0.00364768655546222 -0.000339439954850758 -0.000814442466316031 -0.00330824660061146 -0.00283324408914618
"360" 2017-04-25 0.00560451183476296 -0.000209865253067579 -0.000810563819511755 0.00581437708783054 0.00641507565427471
"361" 2017-04-26 0.00142485761449862 -0.000319347460176234 -0.000987112189552127 0.00174420507467485 0.00241196980405075
